850 0.24984610027837562
851 0.24156800374112208
852 0.15922677593641765
853 0.29880122376602003
854 0.08630616216549925
855 0.23507562455199604
856 0.307761460472193
857 0.4213434999682022
858 0.35026545758410066
859 0.10915880180766635
860 0.1090658739058199
861 0.20108214762444732
862 0.10360833078914311
863 0.12574526006812903
864 0.12409810319104508
865 0.2609578955494385
866 0.42986497057057704
867 0.5132697882966681
868 0.37684536467708085
869 -0.037690344092311534
870 -0.27413289075576586
871 0.06243304610643463
872 0.046356255699322446
873 0.0961942770483688
874 0.04979065573928665
875 0.08793432345487417
876 0.06603669099064291
877 0.4203625509273934
878 0.5309320902884451
879 0.2695959874551477
880 0.1371639655293393
881 0.07229117408468255
882 0.06703756939975847
883 0.2625604081345614
884 0.2134439190853641
885 0.14722367429067162
886 0.2336616566224734
887 0.3334054765946348
888 0.5088134102003323
889 0.37893612935727106
890 0.023472027876096035
891 0.0943220459835743
892 0.05372569929443216
893 0.11760991004098287
894 0.2299707002432001
895 0.19928583918084541
896 0.17564388121428465
897 0.23048546914537837
898 0.1309326136028517
899 0.2289092487458788
900 0.41824561249040926
901 0.42485023260366006
902 0.34948142737249555
903 0.201307786237237
904 0.08585926322115256
905 0.12238053233784285
906 0.14081918410471417
907 0.23208047315961267
908 0.10910980413785865
909 -0.017744096050080316
910 0.13844739500615333
911 0.2500765901534123
912 0.29352360705848923
913 0.2592505899340267
914 0.18848440810199918
915 0.13355734456132495
916 0.1788133266649652
917 0.12958917125280323
918 0.22839675121161918
919 0.21349361204426032
920 0.5226344696591241
921 0.40520892142217235
922 0.08512482156072565
923 0.023757574316789487
924 0.10928998541334067
925 0.1879381529231523
926 0.06265095956297273
927 0.09859069575230706
928 0.31371062447783515
929 0.32472842350284736
930 0.10407508764882323
931 0.007238983842228208
932 0.19943080144844316
933 -0.020316947567664556
934 -0.016234715903635788
935 0.2045265723492662
936 0.26716058859904024
937 0.15385570207359933
938 0.06264195530854977
939 0.13935104148015398
940 0.44245468627889295
941 0.45479430468475357
942 0.16474220393013184
943 0.061214168720823636
944 0.0928092262418545
945 0.10129676790097619
946 0.4349728843803291
947 0.5286112486301136
948 0.17161004595618579
949 0.06942600780399744
950 0.1165351219368631
951 0.39706075474117597
952 0.2055397698175625
953 -0.016648004544606465
954 0.20072060309666995
955 0.18858738202811764
956 0.11995723615387988
957 0.052286927672923866
958 0.19031575010723145
959 0.3251317012715731
960 0.17341559172382404
961 -0.009898587984366713
962 -0.05368897156637331
963 -0.025947665946716825
964 -0.06285845410957336
965 0.06483640390848677
966 0.2650222526677908
967 0.38784072719550977
968 0.2566821139680542
969 0.04777347379052799
970 -0.025765798917348093
971 -0.00832726865519362
972 -0.027150749470024493
973 -0.02818906359857465
974 -0.02422890008210743
975 0.11420097630997361
976 0.3313907116035466
977 0.27715841183226075
978 0.11118181378617464
979 -0.04088321476803003
980 -0.0014184172821956054
981 -0.042636781682574565
982 0.018796380755986775
983 0.17111340752791193
984 0.190860030313047
985 0.17048128090073078
986 0.22118574623550558
987 0.40578738663100467
988 0.1416725430546535
989 -0.038697280887447505
990 -0.0345568493984274
991 0.17911509337602638
992 0.24770759958522603
993 0.3572202166733973
994 0.4235345089313114
995 0.3955568754142291
996 0.04511648699445914
997 0.12843665797100812
998 0.19525997363649594
999 0.24329575632765454
1000 0.2687355421987263
1001 0.10679619543702756
1002 0.004867124436714221
1003 0.1501654393557601
1004 0.25533202769042873
1005 0.17092528431970777
1006 0.08627722828623519
1007 0.11568082766802945
1008 0.10967098577276602
1009 0.32565452907692816
1010 0.22780912427049316
1011 0.13149534132594454
1012 0.18552046865374905
1013 0.14814691075662267
1014 0.37393985076386116
1015 0.3540078128177129
1016 0.11049600511398694
1017 -0.0905779257160475
1018 -0.05966645470385856
1019 0.10779177746235291
1020 0.2929099435767739
1021 -0.029727778098219915
1022 -0.000588872011917374
1023 0.057924293858548026
1024 0.20810474672913415
1025 0.14152449251781718
1026 -0.028393351405554768
1027 -0.11287124822661099
1028 0.20461783677603762
1029 0.20825915168285292
1030 -0.21145776298004648
1031 -0.1974801569522242
1032 -0.12697867763091608
1033 -0.030165682992389975
1034 0.3727231510289357
1035 0.19734256190542965
1036 -0.0390928471127836
1037 -0.119139249658474
1038 -0.017416313126489058
1039 0.2410287424783064
1040 0.07248387630215802
1041 -0.11241559703000803
1042 -0.08121988337825314
1043 -0.04637733140242517
1044 0.0819047320591153
1045 0.31521090878607083
1046 0.4727616605099456
1047 0.18187471290303847
1048 0.01941736035826125
1049 0.209076818105018
1050 0.2041793380116701
1051 0.28913755448689926
1052 0.403443396457817
1053 0.2940860867864217
1054 0.24822555219088827
1055 0.18202311684495953
1056 0.21832025498349594
1057 0.18378274516817328
1058 0.09746537600244665
1059 -0.0046309978155250064
1060 0.2025940845961145
1061 0.18815082229684776
1062 -0.03248153796027964
1063 -0.013554548622437324
1064 0.11945873157992537
1065 -0.010899186962603835
1066 -0.001625747512775888
1067 0.1465989420678966
1068 0.24265514507811758
1069 0.21603919148623163
1070 0.06275282936331905
1071 0.03723308393091429
1072 0.11714547094078398
1073 0.36484710435331635
1074 0.47258091163485005
1075 0.12082134389407884
1076 0.011571933871096007
1077 0.07227585497730615
1078 0.16162235882427467
1079 0.23458422475971474
1080 0.17978038383472494
1081 0.12754203462691294
1082 0.24525049202685523
1083 0.17073605857058283
1084 0.16478463071177885
1085 0.2615501398183824
1086 0.37611446715095553
1087 0.2956943315584226
1088 0.20199159759800978
1089 0.17170205429471253
1090 0.2779423547307829
1091 0.26081008015631824
1092 0.24665251104789832
1093 0.2915219621794449
1094 0.22217450121218008
1095 0.28365336705041955
1096 0.31463787648993957
1097 0.2962368267839679
1098 0.14073376192902742
1099 0.14118546973651291
1100 0.2536197066954742
1101 0.13742150092451766
1102 0.02570768360232023
1103 0.08269611346696593
1104 0.18226664391545455
1105 0.04409499063564226
1106 0.024282045676557118
1107 -0.04626634624116832
1108 0.0839783196987014
1109 0.17830957866550534
1110 0.1159625389935286
1111 0.18918326125981366
1112 0.25434334042114415
1113 0.3568692498915311
1114 0.12541658778326337
1115 0.06809629381439208
1116 0.14454927987236488
1117 0.04569111250577862
1118 0.003312970869956189
1119 0.05804615825451265
1120 0.2987038803403266
1121 0.2150502161951522
1122 0.00935561909847138
1123 -0.0978587444213872
1124 0.023492413738949836
1125 0.1940301479835398
1126 0.08565276688125323
1127 0.02784354762957264
1128 0.13220833128735876
1129 0.26478882235630863
1130 0.24435336067915614
1131 0.0510661993029089
1132 0.11744763585591045
1133 0.18577097783997942
1134 0.31215386547830803
1135 0.27915047525840464
1136 0.2651757703865769
1137 0.02110416159757733
1138 0.20284478174176002
1139 0.5105419424972979
1140 0.510890541095705
1141 0.23146590715350612
1142 0.2091165949522633
1143 0.16896414994880615
1144 0.3443843325749185
1145 0.3112249403231999
1146 0.29383772359261684
1147 0.4040539410721067
1148 0.3981968654513821
1149 0.14736436589691948
1150 0.3334486364823306
1151 0.42385034301850055
1152 0.3195263887795363
1153 0.1316835804029779
1154 0.17256147266294874
1155 0.2852076342676355
1156 0.5341178418545951
1157 0.4815631063295882
1158 -0.10147131882501981
1159 -0.20217997115963726
1160 -0.048618245948887306
1161 0.011624165417060794
1162 0.2900749339094091
1163 0.29923552452959257
1164 0.11454365913283482
1165 0.17889330147090732
1166 0.37767294550428687
1167 0.4488258506387979
1168 0.24767988155929288
1169 0.23534371705619606
1170 0.046185395478971714
1171 0.030664508429936177
1172 0.08833878955209684
1173 0.08548896630065883
1174 0.1402295671685465
1175 0.4968809742687199
1176 0.23437326039049822
1177 0.008454304041492833
1178 0.07145553647200131
1179 -0.006286525597658965
1180 -0.06544535208695379
1181 0.07316852354722414
1182 -0.0022386758749917135
1183 0.09540487097251571
1184 0.11993259892909691
1185 0.16206723487937325
1186 0.1455107903462931
1187 0.1522653027093952
1188 0.17005326672313004
1189 0.1118278690569241
1190 0.28225917410549073
1191 0.2944706115040958
1192 -0.05068053839545428
1193 0.0685080605031203
1194 0.35028822622547295
1195 0.3903035025852546
1196 0.2061292432870232
1197 0.09021066106464559
1198 0.027815551955882256
1199 0.07618780400218839
1200 0.3064696975340553
1201 0.3867367627687486
1202 0.19691811479833632
1203 0.10739000980413493
1204 0.13330223851698975
1205 -0.04718144204531427
1206 -0.10084174556175185
1207 0.024204588277086714
1208 0.319651504488661
1209 0.09867630900117774
1210 -0.06403384535769874
1211 0.023499456854892742
1212 0.0435594898317504
1213 -0.3201846330600233
1214 -0.23269761611112472
1215 -0.014404852773679977
1216 0.08505303272761466
1217 0.26849678693071155
1218 0.07063871438288061
1219 0.009863237269257752
1220 -0.0844507382454367
1221 0.008330840884980262
1222 0.15307842252883574
1223 0.21729614891631854
1224 0.19007523678817506
1225 0.03141031976122122
1226 0.12596763929894905
1227 0.4204455266274181
1228 0.3911209749453519
1229 0.029818248389631208
1230 -0.08025770327151349
1231 0.008062616123538646
1232 -0.14108066539836273
1233 -0.06032851605448286
1234 0.10223454257896947
1235 0.31977167792103955
1236 0.3331771220071005
1237 -0.030050054456808084
1238 -0.055297830372865064
1239 0.11253806373861153
1240 0.1104118655956654
1241 0.12087980522215958
1242 0.1963311320752723
1243 0.2564394952401017
1244 0.16747237138781657
1245 0.0745617685754496
1246 0.1346759461905549
1247 0.4137495366960593
1248 0.4650922083154114
1249 0.4177750603024606
1250 0.02259602001760186
1251 0.018778506458204447
1252 0.06892046574421329
1253 0.24628680677051307
1254 0.4242827736299546
1255 0.3982709024263613
1256 0.08028570581052463
1257 0.05005559184991171
1258 -0.9389353068174842
1259 -1.0216037530235553
1260 -0.5382175559096254
1261 -0.5784239106070004
1262 -0.3727519677001965
1263 -0.2789755550077757
1264 -0.0980634768903883
1265 0.14273849309779507
1266 0.13670948744692168
1267 0.0138434347884413
1268 -0.16026499254627424
1269 -0.13426098470483794
1270 0.016561704218815976
1271 0.12221380501597423
1272 0.07213256256761724
1273 -0.0007578804177796883
1274 -0.11490536132248508
1275 -0.28025031985055193
1276 -0.3551201691518031
1277 -0.16495683738077105
1278 -0.19562470641574237
1279 -0.1318372041865814
1280 -0.06967590726054596
1281 -0.023038597050685894
1282 0.12168750980907816
1283 0.16727982864517799
1284 -0.34570786217511795
1285 -0.39078330084504387
1286 -0.012528251960873149
1287 0.16218242002952366
1288 0.02613374290098136
1289 -0.041421367573036605
1290 0.049014873907879064
1291 0.15075286853044645
1292 0.15811755165049135
1293 0.02969012337445065
1294 0.07887220226450609
1295 0.12095510836087442
1296 0.2133762166595261
1297 0.11868864362668319
1298 0.0976174336846043
1299 0.021057320770239585
1300 0.25703373794067375
1301 0.24361083095340064
1302 -0.030275812555203174
1303 -0.15648858130322196
1304 -0.0028114327757862156
1305 0.39248518370595775
1306 0.32518548905835587
1307 -0.12720113006463407
1308 -0.05003617389564852
1309 0.07632411341967327
1310 0.18752526866592234
1311 0.2117179642976339
1312 0.14824424660957902
1313 -0.03694236308399468
1314 0.1717911193993018
1315 0.35093982651733313
1316 0.1789469216745374
1317 -0.10502476056217347
1318 -0.02111036116281184
1319 0.006246007186746283
1320 0.04207196575856642
1321 0.021977906686402093
1322 -0.0003886319671551064
1323 0.02552205189391543
1324 0.1273348770620828
1325 0.22777851301742658
1326 0.26608729499690753
1327 0.2851294021107833
1328 -0.032433407343376075
1329 -0.19641676719095358
1330 -0.0173759427759137
1331 0.05730905560881183
1332 0.16461622679264565
1333 0.11025207917577973
1334 0.057073785122895515
1335 0.05837406350769925
1336 0.0340700837613781
1337 0.2165914590765965
1338 0.375115332285759
1339 0.30834037230278
1340 0.19616648359237843
1341 -0.20799725947313163
1342 -0.11398688787488709
1343 0.015828939220398297
1344 0.011429414665826698
1345 -0.0744918800099299
1346 -0.05094382885874893
1347 0.11653161356991859
1348 0.21125760342494004
1349 0.24041418022898142
1350 -0.036877165282760416
1351 0.04324074197143091
1352 0.0919304346226113
1353 0.30693354889581315
1354 0.14455113208776993
1355 0.13199652041055288
1356 0.06940314631856381
1357 0.06143258672045704
1358 0.08348636263087883
1359 0.11067185377800115
1360 0.042722489208472325
1361 -0.009706314995298726
1362 -0.002197900732483049
1363 0.29538293361190426
1364 0.3285385828281733
1365 0.18234498260960663
1366 0.1003469170082667
1367 0.15208749107051744
1368 0.24815638925753092
1369 0.21823620633517749
1370 0.11467273568257497
1371 0.04830873429739313
1372 0.03063463880158679
1373 0.19909561776233886
1374 0.14442574839034705
1375 0.01575467186427204
1376 -0.02367537103674522
1377 0.17765183158138598
1378 0.5305092283777526
1379 0.2998872181699994
1380 0.08511720197878958
1381 0.07130535519956993
1382 0.2890116007791903
1383 0.26978527967412447
1384 -0.14714127421564172
1385 -0.19816858062586107
1386 -0.0056039184560745525
1387 -0.03478446001321345
1388 -0.07866882281518883
1389 0.13291444423038
1390 0.3335993889368183
1391 0.2744088781772689
1392 0.12960743002730624
1393 0.13517294916420042
1394 0.26820435971535517
1395 0.0833079629970257
1396 0.13615771716501968
1397 0.07001141143979339
1398 0.17814829258526288
1399 0.2354976827758719
1400 0.412220855008286
1401 0.4314818978223798
1402 0.15381873460859197
1403 0.1354739694504019
1404 0.026944950326537764
1405 0.03026048570279727
1406 0.10674614544171845
1407 0.14539412478700342
1408 0.08985503836402131
1409 0.08083284227603826
1410 0.08654362909697966
1411 -0.046481230047504596
1412 -0.12852051221676675
1413 -0.1832762352441364
1414 0.010226101547345934
1415 0.25474396999936744
1416 0.20774534019471957
1417 -0.09460378352241605
1418 -0.19565483519704685
1419 -0.030619182749830998
1420 0.0692158922266799
1421 0.22740688304725154
1422 0.15222430272797283
1423 0.16884368826742957
1424 0.12254029199635852
1425 0.07820015846732531
1426 0.06090273580144867
1427 0.06807842362809424
1428 -0.011893639067920958
1429 -0.03190415591501505
1430 -0.01708935096701225
1431 0.04143528993012069
1432 0.11046983972926228
1433 0.24286770966625681
1434 0.25078347413671054
1435 0.3040849444852256
1436 0.18918805439017206
1437 -0.08468237083400254
1438 -0.0957397740627357
1439 0.09559168056364342
1440 0.053368243747627275
1441 -0.015917782694259586
1442 -0.1917472141396388
1443 -0.02987224138377087
1444 0.12478615535519566
1445 0.13997718764142064
1446 0.1335317205315505
1447 0.1319380799540113
1448 0.2306741840471318
1449 0.027326465568421554
1450 -0.08226965958579058
1451 0.07215087479136173
1452 -0.626979835687905
1453 -0.7549502455215134
1454 -0.31288516083827744
1455 -0.19834965661755177
1456 -0.23982683174892827
1457 -0.28069648695139904
1458 -0.20565629429563614
1459 -0.20758412316814656
1460 -0.19082882744220342
1461 -0.09227450421548156
1462 -0.047678231983866226
1463 0.05931553476659701
1464 -0.17723635361920742
1465 -0.1798546702162298
1466 -0.04327039675507649
1467 -0.059709241566963556
1468 0.2637921352789476
1469 0.03925515690644943
1470 -0.2334996803816125
1471 -0.10473447412607584
1472 -0.04404294924160013
1473 -0.006272000499905062
1474 -0.07421898294478524
1475 -0.042724555252277696
1476 0.01577979029764265
1477 0.13681258501958382
1478 0.1369656521129059
1479 -0.12610191882657773
1480 -0.2513768220732686
1481 0.046947285655676296
1482 0.16604935118220965
1483 0.04198788595658698
1484 0.05216892857777111
1485 0.024994410212741514
1486 0.041428755829599595
1487 0.034284089289315034
1488 -0.037675896657958674
1489 0.05444377709784476
1490 0.15294167085750132
1491 0.10713640907243871
1492 0.1662377909552788
1493 0.32879497450863937
1494 0.12445392989354787
1495 0.0033768521082038205
1496 -0.09927539587641832
1497 0.033452930269618264
1498 0.10136721324801101
1499 0.2335137712518076
1500 0.0324515606780551
1501 -0.010369231534525625
1502 0.0706273199469365
1503 0.17223646319826003
1504 0.16914359241008015
1505 0.17992244651060219
1506 0.20306310019174134
1507 0.07702044162567745
1508 -0.055980652790822205
1509 0.0006766295383044962
1510 0.15531769496953984
1511 0.20982808941027997
1512 0.31925508431254457
1513 0.188441534873391
1514 0.15310521586803816
1515 0.19074058994897314
1516 0.20901305084828437
1517 0.45053451179217063
1518 0.5042266390716463
1519 0.18740235743723588
1520 0.16556756433953979
1521 0.31119915361682615
1522 0.37030083192451
1523 0.20993429158778554
1524 0.07398501231637056
1525 0.10831028612977889
1526 0.2893968185509266
1527 0.39598535991626704
1528 0.25102007061889253
1529 -0.006231572599347146
1530 0.05350484189642657
1531 0.16222433402776915
1532 0.2981468850942406
1533 0.37651670023103634
1534 0.23463192965363078
1535 0.21838233080069358
1536 0.25867700095926693
1537 0.054832304994761216
1538 0.05429575077209847
1539 0.025156622497547687
1540 0.09625170187848653
1541 0.16776779445859802
1542 0.21756767336222538
1543 0.3099177899056258
1544 0.39500520245655935
1545 0.18167430021804876
1546 -0.04559944041977815
1547 -0.04867213874655363
1548 0.10900221579510116
1549 0.1285379254898089
1550 0.2874725764177697
1551 0.25378388759060044
1552 0.1720673333669538
1553 0.056798458877835856
1554 0.10798244923495304
1555 0.11157065406604261
1556 0.24324684537788244
1557 0.2350850650984171
1558 0.17009182537702827
1559 0.11206464095175761
1560 0.07170611129254212
1561 0.26278645883695617
1562 0.1633501536674089
1563 -0.26496552746391444
1564 -0.3111663698122129
1565 -0.08127930890242396
1566 -0.026341455712156403
1567 0.13801713080914624
1568 0.17269008547702924
1569 0.10389863327100102
1570 0.2415201257820172
1571 0.23289129814247644
1572 0.04000200489082317
1573 0.025859409923896237
1574 0.2204442083500453
1575 0.1532098265133186
1576 0.15743451354376248
1577 0.01959028142647412
1578 0.009732528715915123
1579 0.08662135252399139
1580 0.204713874995889
1581 0.30366395037111715
1582 0.2437310341168768
1583 0.19935316759409716
1584 -0.00026091617701240466
1585 -0.14466289225180162
1586 -0.09558471085495057
1587 0.12650299960898792
1588 0.2309114789258615
1589 0.2307809887657868
1590 -0.026272620500378707
1591 -0.11868369246877819
1592 -0.22964800062658242
1593 -0.15894407016094192
1594 -0.157194012264938
1595 -0.1743762293892246
1596 0.05688389231443125
1597 0.3636415148138781
1598 0.12977647902067702
1599 -0.16188349765417342
1600 -0.488529887763832
1601 -0.33718753539147883
1602 -0.23658571545655604
1603 -0.2295273096181063
1604 -0.3342291752025517
1605 -0.006118108853684134
1606 0.03902943145806148
1607 0.03481930537674316
1608 0.12576316130008536
1609 0.24914939369239164
1610 0.21441354660430534
1611 -0.02105346821031162
1612 -0.1601789757411325
1613 -0.02094383591594351
1614 -0.005059588195308606
1615 -0.010123962844261314
1616 0.05199229533025118
1617 0.0346231786833755
1618 -0.04330548640359666
1619 -0.09625517242960768
1620 -0.06136407173619318
1621 0.05725888761463693
1622 0.0761046181133338
1623 0.06520003464169122
1624 0.18193806278679858
1625 0.0946622195478426
1626 -0.11412004480064297
1627 -0.09549465028413806
1628 0.1822531448157747
1629 0.19713953530572326
1630 -0.1245533076959191
1631 -0.11222963241203843
1632 0.11760498041070377
1633 0.191536583576692
1634 -0.1666268715582646
1635 -0.07728978897245042
1636 -0.10453681082884714
1637 -0.06797300168318543
1638 0.06373857279658068
1639 0.19409743446391303
1640 0.21396895093477042
1641 -0.2685165276610064
1642 -0.064681004281681
1643 -0.015448146362530224
1644 -0.06434596676353976
1645 -0.11444371339234749
1646 -0.17054793458845552
1647 -0.014566034752647283
1648 0.08051626425924496
1649 -0.005451477931501358
1650 -0.09942285123020156
1651 -0.0059024959253974885
1652 0.34698111831164624
1653 0.21394319995948763
1654 -0.07812911396104028
1655 -0.16175460456298651
1656 -0.0475950931009379
1657 -0.1882115245548448
1658 -0.1388171668207292
1659 -0.01059840386938049
1660 0.08132064537704764
1661 -0.01885497695752747
1662 0.043426248360503905
1663 0.04566702472129691
1664 0.21389343484247547
1665 0.1676266302042677
1666 0.028024681782596872
1667 -0.06843372010814619
1668 0.15228787465019877
1669 0.10172792399123409
1670 0.15771307121582367
1671 0.003873918226645401
1672 0.002953624636688801
1673 -0.20396494211433946
1674 -0.21410457608311617
1675 -0.06375618264399918
1676 -0.0030734808909755884
1677 -0.043814107540470104
1678 -0.2330693526109826
1679 -0.22848813220178954
1680 -0.03435985033218003
1681 0.011966659424160753
1682 -0.03286988758827647
1683 -0.09312708022036986
1684 -0.05001611309887721
1685 -0.12486945024465967
1686 -0.15419833261563554
1687 -0.2074383103141031
1688 -0.2552715936737968
1689 -0.19257077762256358
1690 -0.12042028616730249
1691 -0.16941058505960882
1692 -0.07365163666850094
1693 -0.10873603797023179
1694 0.024703934695196494
1695 -0.18427092294774639
1696 -0.28172236475717227
1697 -0.2572535989615403
1698 -0.2656526257065366
1699 -0.23017008845584996
1700 -0.18648742517194705
1701 -0.10976540069407292
1702 0.11607335107260042
1703 0.19772013781414444
1704 0.19180157900200356
1705 0.047192464041017956
1706 -0.09994634855547702
1707 -0.10135198610271345
1708 -0.005889177233484588
1709 -0.13960595167003476
1710 -0.21066490697131712
1711 -0.18757636793395704
1712 -0.23169138184954363
1713 -0.311221358899445
1714 -0.22287871363374734
1715 -0.1990003622846075
1716 -0.02798515951923264
1717 0.04290269083270459
1718 -0.17002992095024183
1719 -0.3599024006626337
1720 -0.31866995601603776
1721 -0.2374544039915918
1722 -0.2277728841521025
1723 -0.15565059379383683
1724 -0.03650859129680839
1725 -0.1508817442724535
1726 -0.08278718061546897
1727 0.22431962506669834
1728 0.18034273241858045
1729 -0.15360313109664503
1730 -0.2833359163395244
1731 -0.18638812397256288
1732 -0.21040317013341792
1733 -0.1669022204561088
1734 0.03658293836173243
1735 0.21166548962736442
1736 0.37886028000707483
1737 0.17984917025376035
1738 -0.13550158053413952
1739 -0.1800865112286374
1740 -0.057761294949727926
1741 0.02526065992697113
1742 -0.0637513674909087
1743 0.02337150739771232
1744 0.2709229339893682
1745 0.0735891671220088
1746 -0.1367662192595276
1747 -0.09977070327039428
1748 -0.03190550751060073
1749 -0.03156050695378099
1750 0.09452865799846677
1751 -0.015388777310306523
1752 -0.027366452246212702
1753 0.04584259614057373
1754 -0.05674949309917565
1755 -0.05838744797864592
1756 0.06897336740638593
1757 0.20131320099574168
1758 0.22327770475732223
1759 0.001091583864763379
1760 0.09762649183022631
1761 -0.05185695909830201
1762 -0.6234620341279538
1763 -0.3564928635943829
1764 -0.11308572347684276
1765 -0.12723438194041137
1766 -0.03314177876177382
1767 -0.10064988017461474
1768 -0.04521039291228135
1769 0.059422341410424906
1770 0.1046654356555905
1771 0.12067781749942696
1772 -0.03531451664167662
1773 0.016490013339875986
1774 0.07331887635513112
1775 0.041299744341017686
1776 -0.0023442122922574526
1777 -0.01215576587992473
1778 -0.0645940685250821
1779 0.26232296993890714
1780 0.2159894242519158
1781 0.01143096694408996
1782 0.16850638041159982
1783 0.23507173358456157
1784 0.3970272279998994
1785 0.05639886446232367
1786 -0.1787965967515106
1787 -0.15093680702915435
1788 -0.18652334706155216
1789 -0.10245626529200536
1790 0.047664660382963575
1791 0.16207436850476142
1792 0.15673418105956216
1793 0.17188170286482318
1794 0.13116759468863393
1795 0.13300156847435574
1796 0.17938005035665583
1797 0.20545794121596828
1798 0.2028299426856961
1799 0.020044532937447457
1800 -0.028704323359647788
1801 0.0872998648890757
1802 0.054664729647413424
1803 0.03691453439671477
1804 0.060694911794371365
1805 -0.05866648468816038
1806 0.03410105610282699
1807 0.12501927336171548
1808 0.15218639392520572
1809 -0.13839019879793568
1810 0.05282380502774231
1811 0.0975563939751396
1812 -0.10048931870295519
1813 -0.28499931825126623
1814 -0.007035606272211226
1815 -0.45615126779102866
1816 -0.4953950212110385
1817 -0.4460674644723781
1818 -0.3291624109942859
1819 -0.36524051242457745
1820 -0.2818924877897757
1821 -0.21304389670495993
1822 -0.16065996476328337
1823 -0.09991710414522004
1824 -0.04532283230349776
1825 0.029944912766268317
1826 0.015124758452259357
1827 0.05067110853633494
1828 0.21086433562118145
1829 0.2583509682869476
1830 -0.02906289216963387
1831 -0.19551511462901772
1832 0.011476163812801587
1833 -0.02989887928868029
1834 -0.18524375333242915
1835 -0.5643913898148867
1836 -0.30837715709645863
1837 -0.19987581427909618
1838 0.10416070755871942
1839 0.3484797164368274
1840 0.21540836990504886
1841 -0.10229827002615366
1842 -0.09929834226761614
1843 -0.011771253308666019
1844 0.1112600519070952
1845 0.17832817168732618
1846 0.17687916451535557
1847 0.13120887720265273
1848 0.020723574535054468
1849 0.019860145551206188
1850 0.05770907617517196
1851 0.18586577473746502
1852 0.2962234688749845
1853 -0.13964169186533582
1854 -0.1810555889543366
1855 -0.168992866130111
1856 0.05224653619671926
1857 0.019875337454436703
1858 -0.11082113841848695
1859 -0.24194202955908395
1860 -0.11148081959817091
1861 0.09542333766182765
1862 0.15502283093513824
1863 0.1242991730829317
1864 0.054841366798314084
1865 0.08814612613895179
1866 0.15118014998483886
1867 0.15772259767311425
1868 0.08203057824289317
1869 0.007754016809258246
1870 0.14029116151834842
1871 0.11615940009011183
1872 0.027514482236142612
1873 -0.12831896038244395
1874 -0.11901365039983602
1875 0.024965364724835126
1876 0.030735110405828436
1877 0.014689945397094561
1878 -0.07105616315692487
1879 -0.050653850835203684
1880 -0.050937665088781614
1881 -0.0006479081900465644
1882 0.16558878724964643
1883 0.009854848735074029
1884 -0.5492714852404674
1885 -0.3672139039918534
1886 -0.2209074271878535
1887 -0.1587651084821573
1888 -0.05248795341907453
1889 0.26032391444124414
1890 -0.016939696486417688
1891 -0.241693053534334
1892 -0.2497431147453426
1893 -0.08062905477459026
1894 -0.0010486882108580176
1895 0.24420937871622073
1896 0.195779595977001
1897 0.13140753282431206
1898 0.06469467759490044
1899 0.09018894100950092
1900 0.2685183069665982
1901 0.20583752746625805
1902 -0.1496198691534687
1903 -0.25646536365326256
1904 -0.06273108089146717
1905 -0.015787374850617653
1906 -0.12347694456570935
1907 -0.16749997954264018
1908 0.09097320597896896
1909 0.11670214989544547
1910 -0.19613033642275468
1911 -0.19945923563000179
1912 -0.11009918655844331
1913 -0.09948581404154311
1914 -0.0774284118599553
1915 -0.04562111444136008
1916 -0.0717724032592173
1917 0.16368950186381426
1918 0.2899602651282862
1919 0.24488391588351988
1920 0.13284965512752933
1921 0.18994669572242628
1922 0.3641284075477529
1923 0.3536948161490159
1924 0.09078474000375536
1925 0.010669081706680572
1926 -0.06826617088836429
1927 -0.10635901531134095
1928 0.06446268881910555
1929 -0.017045692354827224
1930 0.041008006128436136
1931 -0.021364161016663274
1932 -0.04449669462860584
1933 0.010673206134981683
1934 0.10541909423159268
1935 0.1997509379328335
1936 0.3321587712864016
1937 0.3001465358495352
1938 0.11840484274654273
1939 -0.029664076412075246
1940 0.1703717720236
1941 0.14731185508401268
1942 0.06551966022323086
1943 0.015086478816328963
1944 0.25240990040680344
1945 0.3356418887639734
1946 0.3521709921852221
1947 0.38985538624945093
1948 0.29431437610577404
1949 0.02695185805487199
1950 -0.064961079238401
1951 0.05689122236873345
1952 0.24861263392648425
1953 0.09213499252570045
1954 0.07670193110539003
1955 0.25578705144016567
1956 0.4898600919201499
1957 0.4371127533570416
1958 -0.05919411425003318
1959 -0.04623912395726393
1960 0.09754944477350591
1961 0.15815518421464958
1962 0.015235699691459104
1963 0.0606866053716999
1964 0.13463133875603717
1965 0.1462598542106548
1966 0.15494504619761074
1967 0.1948275977489402
1968 0.43109505336406073
1969 0.3720527913164915
1970 0.014879194801892481
1971 0.1321671302193863
1972 0.24586131231615127
1973 0.3245345451570074
1974 0.2280568548072779
1975 0.09153274155988811
1976 0.12132750982738116
1977 0.31659459692446035
1978 0.3330274412923018
1979 0.3220790964399498
1980 0.4463314313650244
1981 0.38876165723843314
1982 0.3190318435545123
1983 0.3089440475621359
1984 0.3994061196224834
1985 0.32425074336265425
1986 0.1402349701950243
1987 0.15425747815555724
1988 0.4232373042182189
1989 0.5509827153633751
1990 0.4654452452566602
1991 0.3738637211755531
1992 0.288918925712494
1993 0.47516143478355843
1994 0.438037859436065
1995 0.36710912754756464
1996 0.4995234768069281
1997 0.5307716356198284
1998 0.4548899571235552
1999 0.4647757073668686
2000 0.521651696002948
2001 0.7514757792661158
2002 0.8591857732502604
2003 0.6513585928738621
2004 0.7040530032548418
