850 0.28950562514148714
851 0.7257162375032067
852 0.4814866658726942
853 0.0687099344176545
854 -0.18535675517466643
855 -0.15851997189332678
856 -0.057833056922731885
857 0.06630580709401102
858 0.1824850851629094
859 0.23294580522605202
860 0.1762936557849457
861 0.2599462671008155
862 0.31320902640635495
863 0.33639825490138264
864 0.07815424254937398
865 -0.03674592331202575
866 0.14602277559833965
867 0.1985687344652547
868 -0.1488349709513841
869 -0.1097731751638662
870 0.013519546043028186
871 0.1678461085142544
872 0.35168214621359084
873 -0.12834200556267206
874 -0.12624704486233895
875 -0.062228237413535226
876 -0.08831478103661539
877 -0.013388829212317432
878 0.1814457571795174
879 0.2605379240384309
880 0.4651948263016834
881 0.38494052666726475
882 0.10980854580679988
883 0.007270349188047476
884 0.06121071422518298
885 0.0022810465297311566
886 0.19717556302776984
887 0.2567002560608671
888 0.0931156168547318
889 0.09371221194328427
890 0.15604020383506167
891 0.3688392838149639
892 0.22720912051198638
893 -0.1383094159229472
894 -0.08028440295083783
895 0.2165619953302098
896 0.43336249696994855
897 0.08050191741796198
898 -0.06397255987099015
899 0.09449651347517829
900 0.2677812130524444
901 -0.08744741690105684
902 -0.07235821626807137
903 -0.04850359905708501
904 -0.10874473847110266
905 -0.09192586931754931
906 0.00608869252897648
907 0.10549629203211452
908 0.04909966047449643
909 0.16292337878383023
910 0.3679438445595338
911 0.4032091452581881
912 0.15757947294639507
913 0.027353824690862893
914 -0.03707173094778682
915 0.048241359479789025
916 0.20759284268933698
917 0.39240153386180054
918 0.20755809698675876
919 -0.07229870678912675
920 -0.04728631230943847
921 0.23500359698817874
922 0.38085313106086005
923 0.36391268322023507
924 -0.06092451728039805
925 -0.07490687799867146
926 -0.07039603112474424
927 0.18412485447663585
928 0.1287885091425096
929 0.2002691815980029
930 0.2391190964876273
931 0.052153459947021474
932 -0.14791756916548593
933 -0.32880089569465554
934 -0.23502698196307392
935 0.09660947050701907
936 0.4260025670538994
937 0.22447953805738052
938 -0.20071426847869134
939 -0.1359470654750794
940 0.13943060631663684
941 0.30004809768666973
942 0.4942499898513688
943 0.2820659357278714
944 0.11737673484026345
945 0.12050661890748415
946 0.18238989195720023
947 0.1968254488325556
948 0.06189984183311026
949 0.137320234502738
950 0.23304187062962
951 0.2925514111989287
952 0.12480706597023072
953 0.15717965696228475
954 0.28805352455799493
955 0.37883097291268086
956 0.22348038907659884
957 0.270117600324113
958 0.33577858890720336
959 0.14787551863594217
960 -0.09677241414857463
961 -0.18517962425096357
962 -0.021211693912619012
963 0.022840587597102058
964 -0.04520379717456535
965 0.06830469603562506
966 0.042690180558452084
967 0.12506899718800923
968 0.24136793647483046
969 0.06011115347484974
970 -0.07202986322448623
971 0.04424813456830634
972 0.18270453810328036
973 0.20861019605069941
974 0.12074919497513292
975 0.08092971224158418
976 0.009299784578217896
977 0.18959066986332118
978 0.3278354422915868
979 0.18644920939800613
980 0.04889548389462561
981 0.08325360068806731
982 0.3625195064176978
983 0.2856746225842812
984 0.01963794106319483
985 0.0008246364262731731
986 0.24291031064154822
987 0.35283874074366395
988 0.16867999804043166
989 0.18144192564506056
990 0.15323288600643536
991 0.03749464269844793
992 -0.0022002386361350545
993 -0.11805618723775524
994 -0.12958860379347925
995 -0.1325804565665294
996 -0.01579589668602921
997 -0.047538380516073175
998 0.11664453967529198
999 0.2169273553080302
1000 0.1690621577926663
1001 -0.07121239634017229
1002 -0.14502998538335987
1003 -0.018503321207504086
1004 0.2630302077442934
1005 0.32063877296383225
1006 0.25064196795671023
1007 0.22340449454793543
1008 0.10105183648317961
1009 0.0167141207918462
1010 0.15404048626083977
1011 -0.011352755429356876
1012 -0.05244613683089483
1013 0.13057650451253267
1014 0.15246476723791602
1015 0.22294643322464935
1016 0.06536708136053448
1017 -0.015475767335885848
1018 0.05424861936086245
1019 0.11445459002345615
1020 0.1782785757738452
1021 0.09506779640361174
1022 0.1120376137025687
1023 0.09835488549919091
1024 0.17660279558583625
1025 0.27626539881134704
1026 -0.022161323999966953
1027 0.02818849688122782
1028 0.41832732831375097
1029 0.39145930550392904
1030 -0.1376300001975892
1031 -0.23902879858428605
1032 -0.0858887947441076
1033 0.2153089285571923
1034 0.38901072364853917
1035 0.05386449510621105
1036 -0.07908508464254282
1037 0.01646155557517659
1038 0.1891808769884733
1039 0.19797666491496102
1040 0.03438258118927706
1041 -0.07931642026903774
1042 0.20513960272074883
1043 0.20796716368846546
1044 0.10544042920321317
1045 0.03125866989859105
1046 0.1537545918067167
1047 0.14475156025929437
1048 0.08794033504159415
1049 0.25939635756031976
1050 0.1139865491941805
1051 0.06338178327490596
1052 0.33170863025117114
1053 0.30100681284329767
1054 0.06464448825931868
1055 -0.06202560624655007
1056 -0.024569805650457965
1057 0.06131200799450198
1058 0.06377153658775114
1059 0.07930299886197645
1060 0.0196627610523592
1061 0.05081517861805196
1062 0.09914144647882495
1063 0.1248498325352898
1064 0.1867680179418585
1065 0.1114866452707588
1066 0.013106441602417362
1067 0.07740855251591938
1068 0.19743100120598456
1069 0.07709133851830074
1070 -0.003124802879483468
1071 0.13056547358877424
1072 0.16128355546646844
1073 0.3075081587616637
1074 0.3730345531427588
1075 0.38499304264581724
1076 0.26605779238860805
1077 0.1268105662727521
1078 0.17813248182079633
1079 0.37226632670302706
1080 0.33901520947330255
1081 -0.23242346046168905
1082 -0.3097565022371782
1083 -0.07567849383599423
1084 0.21079004679717173
1085 0.12908835501121985
1086 0.14607606142936902
1087 0.15426276873495226
1088 0.10846709038548852
1089 0.02732419226373395
1090 0.033289729732871365
1091 0.12864584016341496
1092 0.05629711784263236
1093 0.11785495130914114
1094 0.060569999210997594
1095 -0.06791352883618629
1096 0.043049731634425825
1097 0.060505422773928785
1098 0.06708541679296331
1099 0.10096127509621056
1100 0.053557130659214636
1101 0.021053472697019515
1102 0.10105685555441823
1103 0.24136317457089262
1104 0.11025021512529065
1105 -0.004163654895535274
1106 -0.04923032098514568
1107 0.05272649620769698
1108 0.22963371119197973
1109 0.3658239885890566
1110 0.2312831527174808
1111 0.10831725676519
1112 0.17833802842125124
1113 0.27421266351660734
1114 0.2900019850735589
1115 0.218479979717074
1116 0.11905251602587441
1117 0.16730071141626013
1118 0.26429505998390823
1119 0.09694769620489296
1120 -0.010298662780144241
1121 -0.018357956580246082
1122 0.020101429436635954
1123 -0.06305998919845024
1124 0.3051998265131033
1125 0.3568962841418397
1126 0.4011523723715982
1127 0.24607463054638856
1128 0.13911962738580996
1129 0.2120271314911406
1130 0.264569316249208
1131 0.24841373730146188
1132 0.0806965505437347
1133 0.08471084476241231
1134 0.1416786410410964
1135 0.06758733096057767
1136 0.18947067025379738
1137 0.10638757583672032
1138 0.345564823075847
1139 0.31581352794245277
1140 0.06346763465040794
1141 0.035301386297646786
1142 0.23242014762081453
1143 0.3419129931369298
1144 0.3682860381594537
1145 0.2573995922476229
1146 0.005875329124990003
1147 0.0005811965517068529
1148 0.1488606015391838
1149 0.2743390124228995
1150 0.3071040290730025
1151 0.20018723342491285
1152 0.05428917610362305
1153 -0.05497685647594608
1154 0.1436308169194831
1155 0.1836230246920536
1156 -0.03310480544251959
1157 -0.009695048451476396
1158 -0.0996004017345058
1159 -0.10788371649465489
1160 -0.028097103337245244
1161 -0.09806826749940001
1162 0.03988885949667065
1163 0.15822151401187057
1164 0.35545994812315485
1165 0.4821764156863537
1166 0.425763814303707
1167 0.26966992033686665
1168 0.04348337117448864
1169 0.07228955459993358
1170 0.12112259465305897
1171 0.13978972454214045
1172 0.18481263770098622
1173 0.3270316864674214
1174 0.26096675315380935
1175 0.07796160125593588
1176 -0.15886799346503722
1177 -0.14324559785001156
1178 -0.08780710948462911
1179 0.08519368338602362
1180 0.1457561420349407
1181 0.24816490409972403
1182 0.3270913615072004
1183 0.11943613407510156
1184 -0.01296934924209836
1185 0.13615785728558194
1186 0.04006205839039012
1187 0.08759637714211976
1188 0.12274703047881985
1189 0.2976878057386898
1190 0.2828399824596204
1191 0.13455233183651671
1192 0.1492859285447139
1193 0.2287141340499943
1194 0.29862692045634276
1195 0.3021946509174427
1196 0.13354927678977901
1197 -0.04474579003328927
1198 -0.10400332001984225
1199 0.09675505167029996
1200 0.1612108165706445
1201 0.2994072875292204
1202 0.2957977140986827
1203 0.11103938851249495
1204 0.0732648178815225
1205 0.035059829986380464
1206 0.0568400894297838
1207 0.2800467307955046
1208 0.25988932100864304
1209 -0.02023202560167192
1210 -0.06873004182563136
1211 -0.0048355334213852075
1212 0.07425764257362744
1213 -0.2289728826090709
1214 -0.10175808155446475
1215 0.038349230815128976
1216 -0.08456836240554821
1217 -0.11327292563777291
1218 -0.05907607439024787
1219 -0.070622548710503
1220 0.05218573457835873
1221 0.10007053080903461
1222 0.2922032744790499
1223 0.384749712912253
1224 0.3162546481927393
1225 0.2611123880990931
1226 0.018240480974554885
1227 -0.03845982795348846
1228 0.20983296050616218
1229 0.2052126336737956
1230 0.15897274306831832
1231 0.27633068005934547
1232 0.20239144409362098
1233 0.08393524026672594
1234 0.012558281252552206
1235 0.041757025733602404
1236 -0.009828338207455545
1237 0.026847470718848854
1238 0.011973276696494395
1239 0.2538904052967723
1240 0.31856713876123877
1241 0.01608771622130689
1242 -0.09714051766906096
1243 -0.04587600847901285
1244 0.08160793257854948
1245 0.24728238025812743
1246 0.19631788583359366
1247 0.09699764601833749
1248 0.1665263582783041
1249 0.3090108598995016
1250 0.3382911958590853
1251 0.06512121377375024
1252 -0.23158013314821346
1253 -0.06469075851521211
1254 -0.007858223565904154
1255 0.06501554620700745
1256 0.11735933824860467
1257 0.039843185760673805
1258 -1.038737262395614
1259 -1.1098444194518038
1260 -0.523184947356981
1261 -0.5854424330206598
1262 -0.4815196131040693
1263 -0.3355448385703994
1264 -0.08030586642104254
1265 -0.00822467628074719
1266 -0.3136746177279406
1267 -0.22907802833486812
1268 -0.23080730251967907
1269 -0.14551230373120916
1270 -0.1681219714765234
1271 -0.14303400420084245
1272 -0.1577853882881186
1273 -0.10189885856584624
1274 0.011426924158797647
1275 -0.2720689827496017
1276 -0.4644203115489631
1277 -0.33305243239527726
1278 -0.24490905791589057
1279 -0.14854397846806933
1280 -0.08132852818368974
1281 0.01345436724989213
1282 -0.0459852584916689
1283 -0.031585098708376336
1284 -0.3280193533371403
1285 -0.24323701604089365
1286 -0.29503924962108385
1287 -0.242472980133698
1288 -0.2761271455644305
1289 -0.1285725139606484
1290 0.012867081459717156
1291 0.06616063198771371
1292 0.050020216217944835
1293 -0.09160125774172911
1294 -0.07070969892032508
1295 -0.08080899781327844
1296 0.011081106033202559
1297 0.013177549257477494
1298 -0.024632428690097186
1299 -0.019743467051910102
1300 -0.1078296474487388
1301 0.06014222324199636
1302 0.08930308488766059
1303 0.036350447233303385
1304 -0.05916137484132378
1305 0.127168175471013
1306 0.1858797907304961
1307 -0.059996673954685775
1308 -0.10136552182842706
1309 -0.058981870728132435
1310 -0.0555602525340646
1311 -0.04673747698404895
1312 0.09325466556578021
1313 0.21395966717255988
1314 0.23204063639821015
1315 0.053003946482022
1316 0.0023108403153742074
1317 0.03625283188677031
1318 0.17194830059531796
1319 -0.13205302885722858
1320 -0.19467698584691107
1321 -0.0005888233246764685
1322 0.05784474277447771
1323 0.1640870830425456
1324 0.05101716337975404
1325 -0.05925680652984511
1326 0.04835338452204496
1327 0.13097911619701108
1328 -0.043325276083635345
1329 -0.037118208963192956
1330 -0.01728279062609772
1331 -0.15639527992851754
1332 -0.09955331939960388
1333 -0.14842495529563848
1334 -0.09585397291982645
1335 -0.0529126449585533
1336 0.17487635444132366
1337 0.12678898713028275
1338 -0.12199754547748398
1339 -0.19942965170974958
1340 -0.1599628125074446
1341 -0.1857196918700197
1342 -0.025215667445536383
1343 0.18088366052438687
1344 0.12292874848117208
1345 -0.11291773452273901
1346 -0.1357955366035526
1347 0.05453846745496094
1348 0.20193966566029076
1349 0.3851136419558543
1350 0.2283259696615687
1351 0.05706982799489424
1352 0.24916052466693372
1353 0.20649587719429974
1354 0.018722784942099224
1355 0.07249972731443677
1356 0.04219182134278299
1357 -0.06402343224891638
1358 -0.11831343867345367
1359 -0.08609596937606057
1360 -0.14056279081773937
1361 -0.05393917116350622
1362 0.027303083987874288
1363 0.10498710427367541
1364 0.09157215102027294
1365 0.0196214095433902
1366 0.06359392193729718
1367 0.06466530335694642
1368 -0.07192671816522989
1369 -0.1937682538037393
1370 -0.07213360987071837
1371 0.172882560486471
1372 0.2997597637273657
1373 -0.0071469566327664324
1374 -0.14099416778776686
1375 -0.102218249530722
1376 -0.04962936924295036
1377 0.024413365629243344
1378 0.016865162121348476
1379 0.04251962220104133
1380 -0.002252237766640519
1381 -0.004508253002654783
1382 -0.1484806605964195
1383 0.01953138916178432
1384 0.2065015435176747
1385 0.13148718414890936
1386 0.08630026163530147
1387 -0.042767758754962415
1388 -0.06630878201889345
1389 0.11598146091517947
1390 0.33087881125373997
1391 0.17978193543450516
1392 0.07227305025429587
1393 0.038132820775899745
1394 0.2076028510894048
1395 0.2925458884645309
1396 0.13078669001896515
1397 0.22640168861147458
1398 0.31621199959755586
1399 0.12089374886284077
1400 -0.1039811731887994
1401 0.07437586107016614
1402 0.03885236431347039
1403 0.10355568381083913
1404 -0.12273280813417387
1405 -0.12483069914100042
1406 -0.04832913785810433
1407 0.062223119567079266
1408 -0.04444974214413833
1409 -0.1439108565024867
1410 -0.025570273769460528
1411 0.08278383031324665
1412 -0.11243931271360452
1413 -0.10697942448643971
1414 -0.01793758690780578
1415 -0.005393121198380868
1416 0.027569074166876817
1417 0.013797901091493259
1418 0.013646683510387447
1419 -0.03774245822694411
1420 0.027228645403624796
1421 -0.004099552358013625
1422 0.08655716585218443
1423 0.2509626872014792
1424 0.40375247938055736
1425 0.2352636071856864
1426 0.046754827000654586
1427 -0.010503439867818543
1428 -0.13419694752036548
1429 0.05165410562761963
1430 0.38128552254141823
1431 0.22997390081593494
1432 -0.04979702276307307
1433 -0.019300858289795997
1434 -0.11496075474582312
1435 -0.10641473096097798
1436 -0.02442366104918392
1437 0.19928479916978858
1438 0.10498593351832142
1439 0.046783673625441224
1440 0.026872560677873025
1441 0.14725983729476866
1442 0.1773297238938767
1443 0.13124905755853433
1444 0.12899754348057968
1445 0.08388249879436671
1446 -0.08985470395180073
1447 -0.10036452665298157
1448 -0.06472162009066551
1449 0.08702295668399529
1450 0.007149951163398782
1451 0.17109473779129303
1452 -0.5193481955281527
1453 -0.4570622809645215
1454 -0.0571169215264149
1455 -0.2528021256854345
1456 -0.22928445634136096
1457 -0.07151602300632476
1458 -0.07694287220800788
1459 -0.20108253939849874
1460 -0.2202506209662829
1461 -0.0947687074826149
1462 -0.019396246858207178
1463 0.207042417026571
1464 0.11115616694786468
1465 -0.20741332047407468
1466 -0.08262014373769944
1467 -0.0825427218491086
1468 -0.10946609917198202
1469 -0.09051637769937315
1470 0.054091915545313896
1471 0.024930833018800058
1472 -0.006613087577989063
1473 0.10973067106766621
1474 0.01424087771658833
1475 0.20239511505695873
1476 -0.1152378552128539
1477 -0.2931169843466819
1478 -0.16826398177522606
1479 -0.08801779042539692
1480 -0.06685974028408737
1481 -0.02424518579908863
1482 0.026047633877055887
1483 -0.10366290777847098
1484 -0.12298306521495306
1485 -0.04024266588339742
1486 0.10484392122464214
1487 -0.03261123696290724
1488 -0.010978435151514532
1489 0.04029222302631297
1490 0.057139116115195066
1491 0.1939050223876393
1492 0.08468773490386639
1493 -0.07639094514411227
1494 -0.0840151082507532
1495 -0.25320810612220157
1496 -0.18929434095815623
1497 -0.05585908133303974
1498 0.07435513908114899
1499 0.15759736336178776
1500 0.012656284820991459
1501 -0.04040939597138049
1502 0.05499472300346042
1503 -0.000695329319398752
1504 0.0153104302806355
1505 0.0355945661689816
1506 0.24373154141812847
1507 0.1639819739444306
1508 0.005412213121132936
1509 -0.1027200916998936
1510 -0.219424981568352
1511 0.04796868747081362
1512 0.15888182342717982
1513 0.29957265307984926
1514 0.14162260316970787
1515 0.13834563176249048
1516 0.12524342837127733
1517 0.041482748004000314
1518 0.08578539997364487
1519 -0.09101713575847725
1520 -0.026733283407168074
1521 0.23034069411170321
1522 0.27429915456860954
1523 0.00016942387247809165
1524 -0.03565535826510313
1525 -0.029288803975532574
1526 -0.19989002556792457
1527 -0.13015422096253815
1528 0.05421414305737926
1529 0.09796089812112996
1530 0.08098225959111005
1531 0.3244506398825706
1532 0.4578255569466023
1533 0.3670312078398865
1534 -0.1417010835177166
1535 -0.15520535150830028
1536 -0.10994659841384191
1537 0.016847170850837756
1538 0.1892346567082086
1539 -0.0002048907296057223
1540 -0.06883340720310116
1541 -0.11141357753297143
1542 0.09200741887559616
1543 0.15453156433784443
1544 -0.03032909767551928
1545 -0.10833857391764923
1546 -0.10541413100088448
1547 0.04799853002543841
1548 0.2136035811222996
1549 0.2792347005118927
1550 0.257339118710604
1551 -0.053098861995522384
1552 -0.09181280728330421
1553 0.04267348227028833
1554 0.38871979858112127
1555 0.3168551201191576
1556 -0.05032186777066272
1557 -0.1927805244774845
1558 -0.1586903968401998
1559 -0.10546209790680905
1560 -0.05267743932938629
1561 -0.09179739303095857
1562 -0.19389715317737455
1563 -0.02987841410782721
1564 0.06808241441916607
1565 0.22048126058939488
1566 0.08110330423346568
1567 -0.1011434784640528
1568 -0.03791030801880879
1569 0.14687574637542866
1570 0.1355708583137698
1571 -0.002737209991096279
1572 -0.1919638964319006
1573 -0.12151505456324685
1574 0.075637354131743
1575 0.07928954033366153
1576 -0.0698941974438867
1577 -0.16689472896547386
1578 -0.14762980582941054
1579 -0.07281375141064927
1580 -0.033767635920980865
1581 0.043150534955429976
1582 0.08038552085963602
1583 -0.057609105650101355
1584 -0.2667190541870923
1585 -0.28887810025781846
1586 -0.05441430673198511
1587 -0.06749909797218834
1588 -0.10648567604107484
1589 -0.11785445726263788
1590 -0.11040627975773987
1591 0.004455942909544319
1592 -0.08282732240093083
1593 -0.06687396870910334
1594 -0.03902081648249123
1595 -0.11638433161749617
1596 0.014726998299124716
1597 0.03779534949353547
1598 -0.054810836367494176
1599 -0.09357497635528489
1600 -0.5015537769655225
1601 -0.1950160505064673
1602 -0.0405678973323802
1603 -0.421789265650375
1604 -0.4063987397930191
1605 -0.3475619723938621
1606 -0.24630255514728105
1607 -0.18050244288275508
1608 0.07563738051442215
1609 0.14830277645523893
1610 0.002974937908618358
1611 -0.30744376126267525
1612 -0.21119585983160505
1613 -0.13118041827493698
1614 -0.12769720662839745
1615 -0.3130999990934811
1616 -0.30914531417244007
1617 -0.12821958744706308
1618 -0.10131171626494506
1619 -0.05128100171424421
1620 0.09599185791620357
1621 0.11249144788075682
1622 -0.08206848480199369
1623 -0.16372759791568114
1624 -0.13016550791979853
1625 -0.026451420089188105
1626 0.13147212423751853
1627 -0.013433900076449845
1628 0.07332214391345815
1629 0.10813521449648533
1630 -0.006549898105561169
1631 -0.13403204139848413
1632 -0.005655852381607929
1633 -0.015472763550917534
1634 0.004523224076478982
1635 -0.11329723702357342
1636 -0.13241850219611706
1637 -0.05481850254801657
1638 -0.0074539409924909705
1639 -0.021342026488298416
1640 0.0045996074940717335
1641 -0.3230888371036258
1642 0.010750853877993904
1643 -0.18291458992575826
1644 -0.4689780540899733
1645 -0.46967465880322834
1646 -0.22908027475125436
1647 -0.234007705472834
1648 0.07950301858227249
1649 -0.09699530118194843
1650 -0.11268421434454012
1651 -0.18706932869122284
1652 -0.04572554295975806
1653 0.09360713905056173
1654 0.11006660084859732
1655 -0.05143603551829301
1656 0.03612830061820205
1657 0.0036096734390866914
1658 0.022103557774812543
1659 -0.07742790429097113
1660 -0.04299171101797583
1661 -0.13110648266126645
1662 -0.23922178588793486
1663 -0.17541032356149344
1664 0.008369494855571702
1665 0.13369181552531018
1666 0.08914423641579106
1667 -0.13112809404037762
1668 -0.08323821067989456
1669 -0.15515311769331674
1670 -0.16824078067156734
1671 -0.09262512753571173
1672 -0.1501976503296305
1673 -0.2069308711191411
1674 -0.017359423775246796
1675 0.02327995874043154
1676 -0.08727488758262325
1677 -0.18800689665158643
1678 -0.0036972878089613914
1679 0.03193332131843363
1680 0.04587399710345608
1681 -0.029340103338142853
1682 0.07708552360577414
1683 0.1805242139257075
1684 0.115584936610162
1685 -0.0741830635442966
1686 -0.0348740782318373
1687 -0.09508529760421425
1688 -0.1258634899851927
1689 -0.24647432579973838
1690 -0.1757586171530079
1691 0.10591173676391463
1692 0.013170037303837034
1693 -0.08001010770067296
1694 -0.1826070737512282
1695 -0.2613914377639617
1696 -0.13063028879111016
1697 -0.03960983468385848
1698 -0.1497219940832224
1699 -0.31520816417099695
1700 -0.22185471688669622
1701 -0.1409621043850393
1702 -0.10342109109592457
1703 0.14930167402906136
1704 0.25130229934865156
1705 -0.10178439960026253
1706 -0.2212187094365845
1707 -0.3424056997050684
1708 -0.17577309678489428
1709 -0.042687542242731524
1710 0.16925127306518561
1711 0.09554144460253156
1712 0.022904470337437033
1713 0.1361239135413257
1714 -0.16026215935585242
1715 -0.23902731640498587
1716 -0.16762897240619168
1717 -0.13292744717909954
1718 0.152412861578739
1719 -0.13591424563151122
1720 -0.3378313342975616
1721 -0.24096218229180977
1722 -0.22137334658287955
1723 -0.25586389102761586
1724 0.036703215987643034
1725 -0.10255022855426432
1726 -0.3388723044537869
1727 -0.3946449288642384
1728 -0.351042326985862
1729 -0.36896507646423515
1730 -0.19056121652050706
1731 -0.18459593720433531
1732 -0.16409979905211003
1733 -0.20152934369644981
1734 -0.047874158574245484
1735 0.1653799155965885
1736 0.11185173129024406
1737 -0.027313684046418985
1738 -0.04986686780080163
1739 0.08602067124974155
1740 0.040291495329370264
1741 0.06723463363692872
1742 0.16795801914423691
1743 0.010928415487796883
1744 -0.15542415956321065
1745 -0.13136372143026165
1746 0.12951225195826055
1747 0.12996015270903172
1748 -0.11038094381876817
1749 -0.11680491073332178
1750 -0.12325891098362263
1751 -0.05814520269660761
1752 0.006345515326927398
1753 -0.09308699768001816
1754 -0.20096646101632132
1755 0.07607568897793726
1756 -0.04800353638802335
1757 -0.21927010648050782
1758 -0.20000715175478945
1759 0.022859872652531976
1760 0.04023621241077535
1761 -0.19360451463734307
1762 -0.5032786895328627
1763 -0.14339649407003208
1764 0.09023721711957933
1765 -0.15869253264429517
1766 -0.15139193312433008
1767 -0.04012934641878019
1768 0.0018784273539154128
1769 0.00683702817292442
1770 -0.08557983027810678
1771 0.06519191106542621
1772 0.33591361108062756
1773 0.1718260205121851
1774 -0.14782810588701523
1775 -0.195550583443719
1776 -0.03970823801006418
1777 -0.2018271133372309
1778 -0.136159619940031
1779 -0.20439140863953753
1780 -0.14201101016789153
1781 -0.04096679964885652
1782 0.020066089589306557
1783 0.15636574062222053
1784 0.1377581502200087
1785 -0.2696602962290626
1786 -0.2556736430361184
1787 -0.2419644139251318
1788 0.028000365558966678
1789 0.13149743787232637
1790 0.2982264025040422
1791 -0.06707931330663541
1792 -0.15779384739369107
1793 -0.16763936418482217
1794 -0.14450642870258434
1795 -0.061479965901980904
1796 -0.017131040764468253
1797 0.17622699559353805
1798 0.12117837563255307
1799 0.03216061972858597
1800 0.08007844547006471
1801 0.07952974481935371
1802 -0.08649056350441242
1803 -0.11684916979015725
1804 0.05172135248727727
1805 0.10609274191097029
1806 0.05249412784911556
1807 0.12887178826059653
1808 0.008358579137166089
1809 -0.3432207028164953
1810 -0.2577527301074838
1811 -0.11862184187697267
1812 -0.21196331494263632
1813 -0.19199443653076287
1814 0.11060252610849375
1815 -0.48551805542280135
1816 -0.5882658120106043
1817 -0.4252176302427415
1818 -0.4080821413145941
1819 -0.34134989486881295
1820 -0.3423669930584765
1821 -0.2912711970416808
1822 -0.12262870274264515
1823 -0.023365138692611254
1824 0.14850303958769473
1825 0.13230594113116467
1826 0.022498572347046775
1827 -0.012519624661536
1828 -0.14118476489545628
1829 -0.019910374180199142
1830 0.08273905328826459
1831 0.14430713695981012
1832 -0.03606055472545222
1833 -0.2716395982116637
1834 -0.2236548889930532
1835 -0.4047299026686346
1836 -0.15970214273249894
1837 -0.007955931925039295
1838 0.042979988730905916
1839 0.0005954392681815079
1840 -0.040119455488650146
1841 0.0526928635395052
1842 0.04627732541075602
1843 0.012981432438436968
1844 -0.0011627108871721248
1845 -0.10690245399638343
1846 -0.0910773884627929
1847 -0.14609338805206562
1848 -0.0674442986963868
1849 0.07502018276090894
1850 0.3564089523598568
1851 0.3684908116509291
1852 0.264030558216632
1853 0.12633432839021452
1854 -0.04679701870253439
1855 -0.03027386696425083
1856 -0.04386434189109423
1857 -0.06054431389685533
1858 0.07122162376253982
1859 0.26996440777742237
1860 0.16566008684969802
1861 -0.0778986745946213
1862 -0.1425732042369532
1863 0.003548909124617694
1864 0.17760894365738977
1865 0.10415888844914889
1866 0.05674555218752175
1867 -0.0213139588396416
1868 0.07173864667072394
1869 0.05553182400819878
1870 0.14323974337395384
1871 0.08477406250023023
1872 -0.04895973757464844
1873 -0.07110312625667348
1874 -0.08595774521421617
1875 0.05653036212191864
1876 0.048955430040791725
1877 -0.08847939934230453
1878 0.035522755805686757
1879 0.055408509041456
1880 0.313913203245761
1881 0.19604458296265648
1882 -0.009110700476810507
1883 -0.10120809069132974
1884 -0.1985241285738084
1885 -0.2097530332162023
1886 -0.07070455771378192
1887 -0.028586925302136024
1888 -0.03556979563410323
1889 -0.0383245327936379
1890 -0.17626569136120906
1891 -0.3356131061419205
1892 -0.17880884883527415
1893 -0.09299662210150927
1894 -0.09062193736565405
1895 -0.07584782200950713
1896 -0.28611179633492156
1897 -0.2761751170336879
1898 -0.23167633491937067
1899 -0.004147585232260553
1900 0.13197983105095545
1901 0.03592181339610079
1902 -0.1597451009241695
1903 -0.374322740546404
1904 -0.24686530151876696
1905 -0.23314841358353533
1906 -0.1933977798333899
1907 0.041066419949345345
1908 0.14844485961174314
1909 0.04649707887136856
1910 0.15149460192299102
1911 0.18820132655747557
1912 -0.03555531638664888
1913 0.0029104003485258545
1914 -0.1022525352024104
1915 -0.0702859393985591
1916 0.006682122759059439
1917 -0.03315949712106203
1918 -0.025102027505965907
1919 0.09929304069765976
1920 0.16737567606776338
1921 0.03323404495785098
1922 0.03650737309908436
1923 0.2392303633840811
1924 0.4360958866869282
1925 0.1439588046196718
1926 -0.034438860695047424
1927 0.04356537433187668
1928 0.19836926470782146
1929 0.1908971980442402
1930 0.07604868047036462
1931 0.10601111078756276
1932 0.2431935770216569
1933 0.4073656348637087
1934 0.3413024142383847
1935 0.23811033395361392
1936 0.0831764544653879
1937 0.17946918332290807
1938 0.3087631776234616
1939 0.22009924054896146
1940 0.17922022004989913
1941 0.12319009821527516
1942 0.09994998932643284
1943 0.1097026481908756
1944 0.3213755472795583
1945 0.3766724019548633
1946 -0.13184051096374105
1947 -0.16195497987581575
1948 0.045536441610352085
1949 0.0941113228843733
1950 0.061365922226798375
1951 -0.02567787352546702
1952 0.19570892385996785
1953 0.49961588445739835
1954 0.2905250820091396
1955 0.019782832916234838
1956 -0.059221836934682415
1957 0.12818002038630993
1958 0.11782387369345315
1959 0.20736044544054266
1960 0.19221790506929892
1961 0.049676911561562065
1962 0.0742870274502252
1963 0.008989322881632233
1964 0.03146513569123499
1965 0.04285710887808136
1966 0.05375839946123051
1967 0.14733117373782534
1968 0.02028832064894459
1969 -0.0658459046671851
1970 0.032945553583203946
1971 -0.07869058386654615
1972 -0.037300531766788936
1973 -0.06570342268287277
1974 -0.12902734295596474
1975 -0.06805955049759405
1976 0.0904174824686379
1977 0.3723782500446191
1978 0.3728626659654424
1979 0.15022278075764461
1980 0.05598945384383569
1981 0.14496008120278248
1982 0.10271029178250046
1983 0.1324454157116861
1984 0.18462106729828065
1985 0.2985339906454101
1986 0.25936519662008095
1987 0.41881406350864836
1988 0.32044030361993237
1989 0.366715904025682
1990 0.504749738121518
1991 0.44541577987934033
1992 0.18126068817804253
1993 0.31959076295692057
1994 0.44048417984879507
1995 0.41609602613795005
1996 0.33951176637083336
1997 0.39886669521177964
1998 0.5274484474840051
1999 0.6230290055934233
2000 0.57144912871928
2001 0.48809565664731736
2002 0.5200989151990711
2003 0.5230015492358575
2004 0.5990789712953983
