850 0.3049976451696419
851 0.33384729654716905
852 0.19128079051484506
853 0.07908481178345242
854 -0.2876898146321243
855 -0.24426723184216612
856 -0.1424635409901431
857 0.008133104882126513
858 0.004474649548576376
859 0.031242370490367516
860 0.15892729011211018
861 0.022661029454418308
862 0.023442725322758956
863 0.0217080229874749
864 0.0033448004228442685
865 0.09032549853049646
866 -0.015505258080672907
867 -0.029512871544334435
868 0.08335114762224508
869 0.1232773763471822
870 0.09185237104288249
871 -0.016305324353134115
872 0.05888902110058994
873 0.0018934354987503454
874 -0.06690053980252528
875 -0.04893271646710004
876 -0.11014491526810175
877 -0.029136433256035293
878 0.05780632663959964
879 -0.02109827949885143
880 0.020232325818262648
881 0.07168151459081387
882 0.03472197338084684
883 -0.03222106455938742
884 0.0641553648325224
885 0.04632588244357508
886 0.11266444257933686
887 0.02389836512123325
888 0.0077723786349177815
889 0.007667833908846983
890 0.12270422940236572
891 0.0432757111428326
892 0.06217274172548273
893 0.08678096149731787
894 -0.036002908582183996
895 -0.082191655280035
896 0.003238251672150777
897 -0.22352150018917213
898 -0.28554553116651293
899 -0.16513051595546144
900 -0.06447431706100601
901 -0.003588605421321195
902 0.0759153152747625
903 -0.00652810186215233
904 -0.00902767338555363
905 0.05010860818362731
906 0.029394580799766895
907 -0.06611012182411755
908 -0.016863893130498714
909 -0.07279927561534591
910 -0.007572959498752557
911 -0.04638544325205671
912 -0.0763711993380913
913 -0.043730413090877523
914 0.06405033560270781
915 0.13406253094365853
916 0.006370661493867696
917 -0.0004387491193189319
918 0.036135605147940036
919 0.136434193427085
920 0.04967762089388075
921 -0.028213438816799358
922 0.06985884463018224
923 0.05182775270231546
924 -0.009493919686569957
925 0.013804216489809146
926 0.02958866251976347
927 0.11387047698634192
928 0.09859517154666933
929 0.049930761262380524
930 0.08022422328475146
931 -0.07818850155546683
932 0.03930731127559953
933 0.09273214354801199
934 0.13941118001418532
935 0.04777964443122287
936 0.07941566434704542
937 0.12267566026122936
938 -0.012339946496574744
939 -0.014583906098998928
940 0.005002300813891775
941 0.029333605415508696
942 0.09716546486402636
943 0.08955977511073557
944 0.09144849607054753
945 0.023475683773376527
946 0.18454949396369316
947 0.05712373931454054
948 0.08924671324184133
949 0.08956801634293002
950 0.11609605965140404
951 -0.028217084082932747
952 0.03867513955612581
953 0.09992218900163821
954 0.08335584704827384
955 0.07661552843666855
956 0.051842277158989286
957 0.07329611490815283
958 0.12621148729329648
959 -0.029147972327557586
960 0.03567679439903018
961 0.007339758819405101
962 0.0184768538133038
963 -0.026800307909120552
964 0.012467056338784782
965 0.11386511312912931
966 -0.024198124809168026
967 -0.033854248464983944
968 -0.10750003098876745
969 -0.06528417747312473
970 0.024193926512061675
971 -0.3281494994872607
972 -0.43836299256292266
973 -0.3999342241189585
974 -0.2595645661980872
975 -0.119954630980708
976 -0.02373334055146656
977 -0.1029303334512339
978 -0.045079798952081224
979 -0.11194320817201528
980 -0.12257373678891567
981 -0.07602424814791006
982 -0.03262219473753489
983 0.045501635133923496
984 -0.0752591723349316
985 0.004555581966605909
986 -0.00900980594479292
987 0.0014940335806908067
988 0.0794460046041148
989 -0.13800232785416042
990 -0.07432098317132627
991 -0.24266582873092843
992 -0.28682031190083324
993 -0.2613452938920706
994 -0.17448709026398787
995 -0.18518773951489506
996 -0.17569009913625463
997 -0.0350789393512447
998 0.04635249038290781
999 0.007324889729211331
1000 -0.06408801913908532
1001 0.002967544294228769
1002 0.17467551368947157
1003 0.11251468284644475
1004 0.03161470407849934
1005 0.008722384647803533
1006 -0.049524655221027974
1007 -0.024497142644911624
1008 -0.05433970986114686
1009 -0.06695166211209666
1010 -0.02616115388899984
1011 -0.03558883454785941
1012 -0.017456625998527348
1013 -0.010315831418829607
1014 -0.17165294052977528
1015 -0.01149322179991727
1016 0.05769557021461183
1017 0.03131294202052673
1018 -0.15858614241619093
1019 -0.13730187835084748
1020 -0.015467852583576719
1021 -0.05686681521950063
1022 0.05080805130308577
1023 0.0974938608324645
1024 -0.061289643307582214
1025 -0.03179115974585797
1026 -0.06714313407035674
1027 0.0040550275765620925
1028 0.052297346447467
1029 -0.05729094006743948
1030 -0.06259910712451996
1031 -0.07869314554505322
1032 0.01434068350358289
1033 0.0784827457204709
1034 -0.026340018771570745
1035 -0.06045972144362863
1036 0.029265363175688758
1037 -0.031965451858348065
1038 -0.19552917147046187
1039 -0.11836220924185922
1040 -0.06484356963982704
1041 -0.3561495616788126
1042 -0.31163716596659485
1043 -0.30196760778385867
1044 -0.2191747740767984
1045 -0.05043645827986906
1046 -0.027740557697193385
1047 -0.03141381389519224
1048 -0.0402621136897143
1049 0.0022537935742615034
1050 -0.015183698370883708
1051 0.01432832021669797
1052 0.049241036853011205
1053 -0.04304927513720044
1054 0.05902019602911637
1055 0.05734915556462952
1056 -0.020167292820069765
1057 -0.006855488574267515
1058 0.022291303263564127
1059 0.03676836910296502
1060 -0.12973940500744915
1061 0.006326351361458232
1062 -0.052463378154634616
1063 -0.10129935028037848
1064 -0.08504698244399164
1065 0.035066997498467894
1066 0.09289841324153472
1067 -0.048394232840046375
1068 -0.0034376768353401033
1069 0.10569880644579357
1070 0.00021382323740895548
1071 0.06710449826596901
1072 0.18173763144705604
1073 0.11107025380653782
1074 0.001699937939583701
1075 0.09598984616110998
1076 0.14425279275850003
1077 0.14058879609451183
1078 0.10514323412815643
1079 -0.025276596343353636
1080 -0.023895633440581737
1081 0.14367779073854295
1082 0.17604719112939152
1083 0.23548714763382564
1084 0.23401228274628452
1085 0.2024415926207506
1086 0.12794465037973837
1087 0.17646265333753022
1088 0.16672200670854623
1089 0.13216066416590125
1090 0.0675826948676739
1091 0.11154232746577677
1092 0.07678379867093768
1093 0.07096105488267981
1094 0.13256746923855858
1095 0.11209549380675513
1096 0.06910818771820673
1097 0.14853745655256703
1098 0.16153530312363487
1099 0.22910211743857858
1100 0.10043112973318771
1101 0.045751219176629415
1102 0.12385158967050061
1103 0.1837666115382102
1104 0.08266880993398432
1105 0.12402975299341493
1106 0.2164871044418031
1107 0.14009193884340435
1108 0.060700981888835354
1109 0.16026430718398602
1110 0.11141135386436177
1111 0.08352722967470741
1112 0.016101842290829477
1113 -0.22765097639921136
1114 -0.1596880920756054
1115 -0.028637034254409305
1116 -0.030878957480006325
1117 0.004198894382063695
1118 0.03466287655550773
1119 0.008413324185432752
1120 0.014532581725695631
1121 0.02533321074486808
1122 0.16370574528071516
1123 0.18681234641076785
1124 0.14172627824286324
1125 0.2457530888182258
1126 0.08494504320157817
1127 0.10631328208058435
1128 0.14643769746147187
1129 0.017189080209284252
1130 -0.057204150669854376
1131 0.12193006285190891
1132 0.11918799634168623
1133 0.0716058483768687
1134 -0.005609434000227925
1135 0.1480043693245601
1136 0.09274600406610703
1137 0.028869055491504564
1138 0.13523220151268547
1139 0.10921545299203886
1140 0.1362445931109231
1141 0.1376628037944623
1142 0.2073927220632821
1143 0.14471482607292033
1144 0.08151604414030758
1145 0.15471472224846353
1146 0.06803795344996602
1147 0.11501776940628575
1148 0.2477640566846229
1149 0.15242760089962062
1150 0.17431489020146487
1151 0.07246611186594223
1152 -0.010198289031386726
1153 0.08482572392825419
1154 0.08172458685459774
1155 0.016517194380589767
1156 -0.0467127325493881
1157 0.0621482527932993
1158 0.08850299621958116
1159 0.022190125545769074
1160 0.012089358974385372
1161 0.1568292714247899
1162 -0.04111739335166262
1163 0.02234153153637622
1164 0.13400720892429477
1165 0.0704491719952283
1166 -0.0021662064115095248
1167 0.09395443631536396
1168 0.11163725748412603
1169 0.10716443956278668
1170 0.09285151088329927
1171 -0.05700609104223317
1172 -0.012186947772811568
1173 0.020789179006051067
1174 0.10391240353829503
1175 0.2075146677629003
1176 0.14446538675969792
1177 0.1314901541509879
1178 0.1704752268058836
1179 0.16267081485455706
1180 0.11206078362830099
1181 0.04786219989694687
1182 0.18308878052295754
1183 0.13730679407326066
1184 0.14128338438445767
1185 0.10885294350590116
1186 0.12828788406193994
1187 0.08998656144763786
1188 0.17225143641667942
1189 0.11362779153080951
1190 0.06997705955394154
1191 0.0902439161917026
1192 0.09250745935708651
1193 -0.042791303666540575
1194 -0.13335177431036313
1195 -0.07717724112392729
1196 -0.1321457781283972
1197 0.027376958768634135
1198 -0.001887539664544552
1199 -0.03336613768112115
1200 0.1251562022220081
1201 0.049041146709562194
1202 0.006955264026835134
1203 -0.0355865555861716
1204 -0.05620954197200276
1205 0.10073321158018403
1206 0.1645907360152772
1207 0.001217925481973775
1208 0.010205897455200424
1209 0.07107388773432136
1210 0.027922640558933703
1211 0.06993275943683089
1212 0.06678872881435141
1213 0.060857951482837375
1214 0.10890511603657374
1215 0.15538792317057173
1216 0.14118284106309134
1217 0.1500199240943583
1218 0.11481407578998629
1219 0.0494716151428132
1220 0.1976489320641757
1221 0.176141094007114
1222 0.09114914500845075
1223 0.02259716398425085
1224 -0.027661941375065585
1225 -0.023070176435901563
1226 -0.021462927800591974
1227 0.05538800232262234
1228 -0.313211658884875
1229 -0.8276149302938554
1230 -0.7271838143044467
1231 -0.6317552581633596
1232 -0.4093705026615386
1233 -0.362651621652724
1234 -0.25230392179047856
1235 -0.08565751329319268
1236 -0.0900185868472296
1237 -0.017225589019965487
1238 -0.17005033694874114
1239 -0.14234050035258192
1240 -0.08671694091031454
1241 -0.06257253628205503
1242 -0.058210020969845705
1243 0.03670316960489786
1244 -0.048936397173684004
1245 0.026564262535437005
1246 0.0520485363130159
1247 -0.018212516210603685
1248 -0.0298438745971272
1249 -0.022261157830364614
1250 0.013727757767476173
1251 0.13470508740119372
1252 0.052329912697480135
1253 0.021602036551378073
1254 0.027961390048637763
1255 0.053420909058167904
1256 0.020804945438960526
1257 -0.0650651567553315
1258 -1.2891962487786874
1259 -1.1287790364304375
1260 -0.6974244865011134
1261 -0.349539971586744
1262 -0.17808711433541943
1263 -0.203431166065791
1264 -0.13892609204491932
1265 -0.050171711972830185
1266 -0.1673490903614767
1267 -0.027839647761247893
1268 0.028744659706724046
1269 -0.012803316742854481
1270 0.010669542274349492
1271 0.1115843615907646
1272 0.0762818635484517
1273 0.010445066354527494
1274 -0.018823747837636934
1275 -0.036028697928252446
1276 -0.1904254606511064
1277 -0.061632906363336265
1278 0.012133103732487466
1279 -0.051782946575933825
1280 -0.03262633840756066
1281 0.06590057751601067
1282 -0.08810439611163942
1283 -0.10889018468201825
1284 0.08311275794103026
1285 -0.09038085362231427
1286 -0.6535346387953429
1287 -0.8146154504505536
1288 -0.6050246085075561
1289 -0.3795496232541429
1290 -0.25808821558182915
1291 -0.13229749696829926
1292 -0.1295199254459409
1293 -0.25471847173042095
1294 -0.10520937648430403
1295 -0.10401760648135691
1296 -0.11831626038377194
1297 -0.2408886335382978
1298 -0.19923105545910189
1299 -0.18888854018967335
1300 -0.04865203861185605
1301 -0.07289619353149887
1302 -0.06552685079616835
1303 -0.014800375592465248
1304 0.05000617017322598
1305 -0.03327886250615861
1306 -0.03139673576270538
1307 0.0180470811253666
1308 -0.005081906206151093
1309 -0.04738366270878955
1310 -0.07715396838414576
1311 0.050031106021897226
1312 -0.05114598124236422
1313 -0.1014230286128783
1314 -0.0978908371544027
1315 -0.12936423230564073
1316 -0.08941223326223066
1317 -0.04457702784298376
1318 -0.04133908453581411
1319 -0.0826742807307643
1320 -0.043297442572445693
1321 -0.05463186295491382
1322 -0.09645366660048935
1323 -0.017815070955059714
1324 -0.02974423954668068
1325 -0.03459481651764704
1326 -0.015264329675283211
1327 0.030229786363242833
1328 0.04619916309133701
1329 -0.029244928005930565
1330 -0.06393626747296152
1331 -0.15241442552484627
1332 -0.19784542572278283
1333 -0.1327693408614938
1334 -0.048569080899419664
1335 -0.06861689799114187
1336 -0.13787862279075866
1337 -0.04005412583398324
1338 -0.0225240910589197
1339 0.04114957152524526
1340 -0.01685789607949359
1341 -0.11932361713228842
1342 -0.30048847605291273
1343 -0.18943413901717363
1344 -0.0325203624997745
1345 -0.050701483782511464
1346 -0.032593500804914716
1347 -0.09825973216356274
1348 -0.0724329253449629
1349 -0.0028853101429650863
1350 -0.05765775960525629
1351 -0.020670527765780794
1352 0.05852245462791175
1353 0.006975127447453683
1354 0.030836628982178677
1355 0.09774066471550882
1356 0.03739297324478444
1357 -0.004120972470837064
1358 -0.10256252240878225
1359 -0.1497281788976967
1360 -0.02170783645328142
1361 0.0848409462996709
1362 0.08706349577716524
1363 0.13477731210975422
1364 0.20419686127662076
1365 0.11752783780247669
1366 0.07325714733992286
1367 0.12041344628091324
1368 0.08873418709538997
1369 0.012478261698113197
1370 0.08491736123074348
1371 0.13200257679967067
1372 -0.057183810820270214
1373 0.06827085503591193
1374 0.056741475738483454
1375 -0.08350852255505756
1376 -0.04923448984447318
1377 0.03568471946733312
1378 0.18066332913867414
1379 0.11181035786507423
1380 -0.0005714133937364252
1381 0.1322254064940647
1382 -0.022853385303556156
1383 0.04758457463817181
1384 0.0651319650953677
1385 0.034912611128226995
1386 0.03292615443337568
1387 0.10643227381070333
1388 0.15222656400414494
1389 0.054592977821705385
1390 0.07227341850273875
1391 0.06632860182850878
1392 0.12863335964608028
1393 0.1062096769837875
1394 0.022246948879803635
1395 -0.05265863695319026
1396 -0.0309965415045714
1397 -0.05223602494771071
1398 -0.016589200511980512
1399 -0.12157667798981506
1400 -0.04995387448513397
1401 -0.007232120926453395
1402 0.09988178690191021
1403 0.04120653372400043
1404 0.12296143354109959
1405 -0.061046735617815234
1406 -0.11056891568920732
1407 -0.034481762652142284
1408 -0.07059884646331979
1409 -0.13597621089814324
1410 -0.024233543437894828
1411 -0.022684144218310526
1412 -0.01776509651329447
1413 -0.022772356519333375
1414 -0.008745612912712336
1415 0.09192738792496116
1416 0.04802635036214256
1417 0.012047874902300332
1418 0.03997947269204574
1419 0.022699868014121743
1420 0.02003867150450092
1421 0.06855443120082996
1422 -0.04920375816083619
1423 0.004404262844054624
1424 0.07555797772420861
1425 -0.06520876207888945
1426 -0.011225946986251206
1427 0.03347570033344696
1428 -0.02454102918118692
1429 -0.06146278055654661
1430 -0.13546375073274716
1431 -0.011964701198558164
1432 -0.019625721378070143
1433 -0.07589409687238244
1434 0.05631397594095902
1435 -0.029504738565940575
1436 -0.09056759470035344
1437 -0.060492092147051285
1438 0.06462322241009802
1439 0.046772629910271785
1440 -0.09079846386077192
1441 -0.15979964364247976
1442 -0.32995795898636304
1443 -0.26365821150772506
1444 -0.19232452303361255
1445 -0.0563922720571601
1446 -0.09277404497589045
1447 -0.02905190887536732
1448 -0.015400477911264393
1449 0.06871214355192692
1450 0.03890372999342831
1451 -0.03726823300359469
1452 -0.07052778139961233
1453 0.05776483207024044
1454 -0.06573248151243447
1455 -0.12516575596441057
1456 -0.6315339038883327
1457 -0.8173436999718366
1458 -0.6266565990707638
1459 -0.2965688622717768
1460 -0.3379377526869054
1461 -0.1722069136059123
1462 -0.05028157631323224
1463 -0.07474116775420511
1464 0.00782024319790467
1465 -0.04027462139736612
1466 -0.059308278029213984
1467 -0.02957308594073324
1468 0.003442317476590101
1469 0.11179350231970589
1470 0.12157651764409352
1471 0.10170279334062785
1472 0.16640386812213806
1473 0.1374759171415643
1474 -0.04070300804891544
1475 0.04919204433043192
1476 0.07138170035023664
1477 0.01958864731535173
1478 -0.00863493333815099
1479 -0.02811124434043008
1480 0.040166045376458764
1481 -0.07137399155521293
1482 -0.10108398350734446
1483 -0.08170584983059156
1484 0.007098623412964439
1485 -0.015163790565275254
1486 0.1257899202991051
1487 0.14127368456610825
1488 0.0894925280349024
1489 -0.147433628764809
1490 -0.12851183299317667
1491 -0.09850199479074503
1492 -0.02703065619021358
1493 -0.04969771057852099
1494 -0.009426778452784806
1495 0.08361125158297214
1496 0.11589321417307688
1497 0.14120718074759211
1498 0.097249709590876
1499 0.07017640906730763
1500 0.10981327337885419
1501 0.0201572084295161
1502 0.028141031801119293
1503 -0.05815398843974903
1504 0.08693586240446607
1505 0.0979820086504968
1506 0.0374359715359627
1507 0.027818202252610585
1508 -0.019479298486424018
1509 -0.02428928816998918
1510 -0.019444955888723275
1511 -0.08483585909908029
1512 0.12298369201221918
1513 0.10308964870785745
1514 0.03807906986055046
1515 -0.02167716199272049
1516 0.11016579206103175
1517 0.12352374664528257
1518 0.0038350349206619783
1519 -0.012112104087969006
1520 0.04469465646076956
1521 -0.013236524780943587
1522 0.019033485763663843
1523 -0.036780235573126124
1524 -0.0006031889885140529
1525 0.005353639301467733
1526 -0.07036690528985232
1527 -0.009671443425297771
1528 -0.015791276981524466
1529 -0.12395323609273887
1530 -0.04198143348110547
1531 -1.236830711845438e-05
1532 -0.060993614020269565
1533 -0.10384314587769736
1534 -0.06075441716961236
1535 -0.0899944936311887
1536 -0.08647210448247519
1537 -0.00604309982252757
1538 -0.07657226321503471
1539 -0.08572927168898345
1540 -0.07581010681843067
1541 -0.14475443423878473
1542 -0.04810840958645499
1543 -0.12002287931937203
1544 -0.10153229140586759
1545 -0.020896246744023433
1546 0.04900445287388025
1547 0.10573309210850071
1548 0.043253765193362465
1549 0.05862925663166821
1550 0.04005241946862939
1551 -0.09701048851302871
1552 -0.07432797217739348
1553 -0.024921692313676108
1554 -0.12271023100145625
1555 -0.01089705533245719
1556 -0.017413578030293725
1557 0.048365837398996386
1558 -0.04593689363940043
1559 0.036633297838995854
1560 0.026841931404994607
1561 -0.044757831596875935
1562 -0.05542253755367496
1563 -0.1043001629766924
1564 -0.07035978448038135
1565 -0.048130335343664815
1566 -0.0966227410361786
1567 -0.15092958471586157
1568 -0.1471735426829288
1569 -0.03932913692926163
1570 -0.08369903742504234
1571 -0.021322204540290518
1572 -0.09402072138333792
1573 -0.047929868320459396
1574 -0.05392846278947913
1575 -0.13204738209628217
1576 -0.1685235249093968
1577 -0.13110289453828058
1578 -0.19496223632926798
1579 -0.28567748448710306
1580 -0.20942618316348002
1581 -0.18494047707275071
1582 0.00660158418396109
1583 -0.02079212882107881
1584 0.04707868352296132
1585 -0.08589897799424093
1586 -0.2042135079349738
1587 -0.11659270267983188
1588 -0.090742784364743
1589 -0.11780757870820266
1590 -0.10323302022754219
1591 -0.03702116852132817
1592 -0.19094392780299826
1593 -0.17278215280122608
1594 -0.2093181212794026
1595 -0.18403891036307882
1596 -0.12946481447703959
1597 -0.09623800113433176
1598 -0.14102452025269271
1599 -0.26921331604068444
1600 -0.5424834172513262
1601 -0.622801008264894
1602 -0.4115000208642461
1603 -0.2096651176716979
1604 -0.13753156849963274
1605 -0.07745208567592285
1606 0.02456672001193952
1607 -0.14537819700301965
1608 -0.12872262628052808
1609 -0.010128703491539132
1610 -0.055455239898258374
1611 -0.18316265261727735
1612 -0.09400487576135005
1613 -0.02031390899019711
1614 -0.1390541501414124
1615 -0.12042866524938531
1616 -0.10030954473131046
1617 -0.15449887186871833
1618 -0.13331797316401903
1619 -0.007798534989313016
1620 -0.058441408381491006
1621 -0.22237606295112086
1622 -0.135315529818222
1623 -0.12044224156482428
1624 -0.06929824986178132
1625 -0.05333306400802271
1626 -0.11035625275365432
1627 0.00963349727573573
1628 0.06068717136424298
1629 0.0932880564713581
1630 -0.06609428941083492
1631 0.002825846866364695
1632 -0.03432031844368352
1633 -0.07837641740967924
1634 -0.03498455231999073
1635 -0.04259932841880995
1636 -0.045247449621392793
1637 -0.04415228436192151
1638 -0.049675046732368305
1639 -0.12294875405370262
1640 -0.1107662578418673
1641 -0.6224166566041665
1642 -0.5384466426968904
1643 -0.4950289325628252
1644 -0.3417810456834265
1645 -0.23563814828502713
1646 -0.2120228194450466
1647 -0.18313727598143045
1648 -0.09919049975820157
1649 -0.016156239973263514
1650 -0.03179678113644299
1651 0.02233069623873221
1652 0.01451094321578908
1653 -0.09027164430516918
1654 -0.09107730480172235
1655 -0.03317755456333102
1656 -0.10707893535930466
1657 -0.11520151248884544
1658 -0.061166042623988365
1659 -0.08802627458691645
1660 -0.054123414870837355
1661 -0.033016280877227605
1662 -0.021289471870254734
1663 0.032609853441904174
1664 -0.012363403390786648
1665 -0.023680627975231933
1666 0.01793459776428777
1667 0.07277466522970813
1668 -0.09709512430742293
1669 -0.07703525775757966
1670 -0.11726696226855224
1671 -0.04818170714815337
1672 -0.01611690968172083
1673 -0.2718549217977331
1674 -0.4757147310439156
1675 -0.29606433663627074
1676 -0.18679680726995015
1677 -0.10218425110769444
1678 -0.16744888790241716
1679 -0.14947300596269783
1680 -0.09092862457793457
1681 -0.1192097363811446
1682 0.029770971691739173
1683 0.007038263174940634
1684 -0.052535972094112954
1685 0.07928977209741775
1686 -0.1223667165365829
1687 -0.1419446009025411
1688 -0.06427599583735641
1689 -0.013327391225282231
1690 -0.04216252304643617
1691 0.034828187960449536
1692 -0.004817863300666109
1693 0.004565786334132876
1694 -0.2584099649110887
1695 -0.562665669184121
1696 -0.7658902301871469
1697 -0.589856413530804
1698 -0.3780319381316919
1699 -0.23804827782588986
1700 -0.1926974346911767
1701 -0.11902147387848358
1702 -0.03676631721668186
1703 -0.0776960164230833
1704 -0.08100698115242053
1705 -0.16840652959034982
1706 -0.07151312378965044
1707 -0.12503817509945533
1708 -0.03269781247274081
1709 -0.16636036421027042
1710 -0.040626939827966585
1711 -0.06207820035813724
1712 -0.10858430137732752
1713 -0.10330692348372181
1714 -0.17615577020620107
1715 -0.19778779982487335
1716 -0.010846262879276897
1717 0.10961231751605952
1718 -0.06665645952335139
1719 -0.06566552098382103
1720 -0.0925663852191225
1721 0.01928403978008178
1722 -0.034246674715170816
1723 -0.13471529303108595
1724 -0.07786987564946243
1725 -0.08101301862540608
1726 -0.03028011547933615
1727 -0.05029816077574664
1728 -0.02245384285554805
1729 -0.13050582221148274
1730 -0.15026573354804681
1731 -0.19006242952411198
1732 -0.11790942333555463
1733 -0.1013471127905565
1734 -0.02945235122495446
1735 -0.11655326353689374
1736 -0.12659442248206473
1737 -0.11351822742545223
1738 -0.08175881153595596
1739 -0.15426386532362144
1740 -0.061773366606353325
1741 -0.021798879942018762
1742 0.04669968701006824
1743 0.015950202417748055
1744 -0.014098092155500258
1745 -0.0027106604226152242
1746 0.0045400647478639755
1747 -0.07189611478485644
1748 -0.1083945609982426
1749 0.107874100061117
1750 0.11791364002352325
1751 0.13446392116600905
1752 0.03905188391758643
1753 0.06295277818680448
1754 0.05534075800864671
1755 0.07832547872244036
1756 0.09874899345795243
1757 0.025701927562586074
1758 0.14619457654266158
1759 0.00390561971318662
1760 -0.01649790393718617
1761 0.03877851968952187
1762 0.002523062023676498
1763 -0.11437120993144176
1764 -0.2028970965351324
1765 -0.11994642070953218
1766 -0.1499927579302995
1767 -0.12984371942456405
1768 -0.056575889675223284
1769 -0.044858112963475055
1770 -0.019186564669376044
1771 0.07926680566817582
1772 -0.14628271902363862
1773 -0.21270845282128234
1774 -0.06274012540932758
1775 -0.042037592943920704
1776 0.04828910355269714
1777 -0.05405027014665406
1778 -0.0900754527427172
1779 -0.03401057727926868
1780 -0.0625405284124487
1781 -0.08730716175301054
1782 0.0504888996434896
1783 0.09373613287875274
1784 -0.058454890880732496
1785 -0.026990345303027102
1786 0.0794476145391694
1787 -0.060877525748530975
1788 -0.017315512399584482
1789 -0.017644324840539544
1790 -0.01684802228657431
1791 -0.039713713590849825
1792 -0.07081359462181822
1793 0.069183951583518
1794 0.17841548236459162
1795 0.07592241655527901
1796 0.047029651297755076
1797 0.07596991320963967
1798 0.05700120569714032
1799 0.0688559187083864
1800 -0.007246862913853097
1801 -0.01653553846528452
1802 0.1916444565837945
1803 0.07476575031308344
1804 -0.021285369556828887
1805 -0.015741018639794352
1806 0.07214560364605618
1807 0.025873494875504416
1808 0.1352807937304941
1809 -0.4522595888694174
1810 -0.6787389463030356
1811 -0.44491545330134175
1812 -0.2736611789419432
1813 -0.08272350606261411
1814 -0.0136181994835671
1815 -0.662351491443069
1816 -1.056666094571249
1817 -1.1433131552943725
1818 -0.8903070022129147
1819 -0.5323544532615121
1820 -0.27689640461101606
1821 -0.15807049150344496
1822 0.017622513565136028
1823 0.004824069696673955
1824 0.045856012253075146
1825 0.03540263239614874
1826 0.06237625961524132
1827 -0.017235861104375222
1828 0.07042790890580578
1829 0.09242517020067667
1830 0.07366483660746995
1831 0.008940748571383078
1832 -0.37923411560984066
1833 -0.43665862797666266
1834 -0.4179316492430236
1835 -0.5002413875154663
1836 -0.514651070177131
1837 -0.2944528455924389
1838 -0.11000299750349327
1839 -0.06078162799223505
1840 0.05583700340486744
1841 0.09231735771437102
1842 -0.03051278486497508
1843 -0.045265059479668385
1844 0.024971981416747308
1845 0.06616657162465558
1846 0.061256571753467465
1847 0.04573696276344877
1848 0.01739548965878826
1849 -0.02024081723868007
1850 -0.02415936580404618
1851 -0.03965251071263551
1852 0.003235914728697803
1853 0.032796271108345404
1854 0.0035102275044845144
1855 0.02061054083220129
1856 -0.19187018427822308
1857 -0.2149738906618883
1858 -0.20784196542597796
1859 -0.10568242226519728
1860 -0.1333582688235357
1861 -0.01852363188003678
1862 -0.045357066069634716
1863 -0.07591660818979348
1864 0.06665848152653767
1865 0.17549664513911226
1866 0.033522234574497684
1867 0.010032013885513474
1868 0.004286185256041658
1869 0.02375178446806772
1870 0.017066498266622016
1871 -0.019942452884656764
1872 0.008436512297584936
1873 0.08759552874489132
1874 0.1130321660855951
1875 0.008449758578542382
1876 0.11821541521323511
1877 0.15644676290191442
1878 0.046583186845743835
1879 0.05922136291599814
1880 0.151766812129615
1881 0.0968301386647066
1882 0.17227905494588172
1883 0.12881901468438842
1884 -0.25018856400037537
1885 -0.20498238112633557
1886 -0.14969683155606403
1887 -0.13192584644775038
1888 0.05521064655369615
1889 0.02690130170936514
1890 -0.1572251440225547
1891 -0.09334764605653631
1892 -0.003732852830630823
1893 0.03349424327001985
1894 0.10889661218192928
1895 0.021689770524126156
1896 -0.043272708932299925
1897 0.04333615193792853
1898 0.13512732018404663
1899 0.0918337420505462
1900 0.056518042258296514
1901 0.17620003319428393
1902 0.18162778956287398
1903 -0.11802450694329322
1904 -0.12123028274714229
1905 -0.08726209202199484
1906 -0.07213005030933359
1907 -0.08286150869104644
1908 0.04683104832088916
1909 0.1671430341604672
1910 0.24235337510152236
1911 0.0919649064828785
1912 0.13789823845684837
1913 0.17480579654506515
1914 0.06994956471323335
1915 0.09454517981124114
1916 0.26669427203888274
1917 0.2205412486717431
1918 0.27071388785993333
1919 0.298180271577571
1920 0.19801692258119588
1921 0.2775898671490107
1922 0.26296696429665856
1923 0.3164896027858002
1924 0.320667427779433
1925 0.253133763536034
1926 0.18372125268724163
1927 0.2138646754189675
1928 0.2547668635783178
1929 0.312070361730441
1930 0.3346868573312416
1931 0.34300917016600563
1932 0.179118469299858
1933 0.2896047526940104
1934 0.34861911030953463
1935 0.3850219225218505
1936 0.4061775002754824
1937 0.3726002345015966
1938 0.35992658848267167
1939 0.35777177627455314
1940 0.3426727572349999
1941 0.46344574018065243
1942 0.5397207270634747
1943 0.3968837244111749
1944 0.41016846836726684
1945 0.44844672186304235
1946 0.46055762804179023
1947 0.5121687253804406
1948 0.5284886496528496
1949 0.5140636266987779
1950 0.6023815164020401
1951 0.4651748350573892
1952 0.6185747248940241
1953 0.5306023246751077
1954 0.3908896699253499
1955 0.4588725196811718
1956 0.5052099614051211
1957 0.5509202946478307
1958 0.6009285910182665
1959 0.539001332375967
1960 0.5407155514679469
1961 0.6275495026893121
1962 0.5416180262703345
1963 0.4106697885615129
1964 0.2557868642807146
1965 0.26811020549803954
1966 0.4270752727439411
1967 0.3937573236130514
1968 0.40821030765199096
1969 0.4407931117691599
1970 0.4528890784618578
1971 0.5133931289506743
1972 0.62383033379411
1973 0.646163678547516
1974 0.6746591329884448
1975 0.7125037002658767
1976 0.7019736663972433
1977 0.7057895716544702
1978 0.656890414211325
1979 0.6509596563296394
1980 0.6841769213371047
1981 0.7672786747066378
1982 0.5547529788655718
1983 0.44494082719666705
1984 0.5882352384731528
1985 0.6931942679187908
1986 0.7480956650605957
1987 0.7958175323104295
1988 0.8632562114218625
1989 0.9959473277123219
1990 1.0666964929702725
1991 0.9965048413159319
1992 0.8132892673772925
1993 0.9592980941129734
1994 0.9642585530695622
1995 1.0229533927729402
1996 0.9825290010708225
1997 1.0882639584424463
1998 1.1046487196787278
1999 1.242522059208063
