850 0.2873490247122277
851 0.46892580229734904
852 0.3682660610243147
853 0.1480844911906729
854 -0.0605773363452613
855 0.01171807444541173
856 0.032727376107061446
857 0.055206334974400306
858 0.35446783389141956
859 0.2266779606336513
860 0.06590545969044115
861 0.15337043004160478
862 0.09446642317243459
863 0.052268652934230886
864 0.12290281254558977
865 0.0861407108078538
866 0.2703628859211449
867 0.5601264961963466
868 0.3712118942847269
869 0.057374753954093194
870 -0.11938901291773618
871 0.18608361321071243
872 0.24552058941594623
873 0.34404593730960187
874 0.4031232946145451
875 0.3812373588542073
876 0.4933967853779109
877 0.27454964309043817
878 0.04915054422014009
879 0.0693511365550421
880 0.2965082113380504
881 0.30693661195999766
882 0.25415562579860307
883 0.1900140472527596
884 0.16046932992458096
885 0.13821182991915748
886 0.14327534092956284
887 0.12335516047221518
888 0.1492231408408884
889 0.17725878814752605
890 0.19276491373000226
891 0.13803739672334814
892 0.39636357715198756
893 0.2927895784685006
894 0.1278321605692554
895 0.16860875762517935
896 0.3233125673449422
897 0.19636612314519653
898 0.04227573683704122
899 0.08463554698209919
900 0.24406616801115888
901 0.10575753866504556
902 0.016486589042983724
903 0.17099579601227788
904 0.21753579548129665
905 0.1909185760487162
906 0.10719071025744142
907 0.22560793855069505
908 0.2853692790399691
909 0.3366389950556936
910 0.26066326719262634
911 0.18979106344750107
912 0.3119945654508456
913 0.43744592793501624
914 0.056690754046201164
915 -0.07476893608827595
916 -0.0168705629289434
917 0.22458170360016538
918 0.2415248150558682
919 0.1994546609952863
920 0.16633271072936395
921 0.05235209950853914
922 0.06629456166956516
923 0.0636657641021543
924 -0.06580940085615339
925 -0.061354111856871896
926 0.08121088696776724
927 0.2789109962317866
928 0.3623486429019067
929 0.18478954878344211
930 0.12027050354026869
931 0.2757896224760543
932 0.24921276850068352
933 -0.1670547778306286
934 -0.23738775771818155
935 0.18043803014535342
936 0.24508595576122616
937 0.005390300643796309
938 0.08836485155353557
939 0.16255735831282436
940 0.2639544394106679
941 0.11943758926685177
942 0.004937729444350225
943 0.00628644963461511
944 0.13209534242213294
945 0.15524503469578121
946 0.06326089788666422
947 0.14159487621753897
948 0.014790188828385453
949 -0.06959529705864043
950 -0.03318951300423123
951 -0.0440348380643627
952 0.06328502826329441
953 0.2594582591206631
954 0.37748037131990486
955 0.25101339193452077
956 0.19763343179135973
957 0.16342073843327398
958 0.22367909209901882
959 0.5009717186122771
960 0.30598680812965995
961 -0.038769279101131815
962 -0.10152936662956336
963 0.0002479173796245959
964 0.009833581789450818
965 -0.03070222695805569
966 0.21985524680451363
967 0.2995568932045103
968 0.409494194403635
969 0.21137756637358507
970 0.009957195324716395
971 -0.017813600445720112
972 -0.10774595625105121
973 -0.016562665206151905
974 -0.03880917312312704
975 -0.032907660587113696
976 0.008443066798122345
977 0.14098765201379138
978 0.3463912086343157
979 0.2599934815044094
980 0.04177674698877354
981 0.03542342111740027
982 0.03301859653146266
983 0.04569734143740334
984 0.1569659278630411
985 0.1853244703281689
986 0.4016063147975615
987 0.07786062249033421
988 0.023094121760834696
989 0.22934857449962465
990 0.19549117601258104
991 0.04107560203772209
992 0.10833324055641924
993 0.003191655036289376
994 0.0779478720275506
995 0.087458904647292
996 0.065390960132504
997 0.07066207299686766
998 0.19276475490676148
999 0.32668279419709734
1000 0.47612133569958814
1001 -0.12564131141238022
1002 -0.2887616636693906
1003 -0.0010381562526617927
1004 0.2799906913334098
1005 0.3603236178938687
1006 0.08959188294079468
1007 0.0025964972648466755
1008 -0.04306318957605981
1009 0.23348412345973202
1010 0.16816964029908377
1011 0.016932962160922216
1012 -0.032269805739588264
1013 0.23728959467774757
1014 0.29877039380431825
1015 0.38746244550327447
1016 0.32219634293005583
1017 0.06304099686013842
1018 -0.039579377080144695
1019 -0.11393163881132296
1020 -0.01046047538267203
1021 0.21606124268447502
1022 0.30421396886151797
1023 0.24457204231259766
1024 0.08239138150730696
1025 0.07920954916608025
1026 0.17938055610329684
1027 0.2702543511351223
1028 0.12944155344280261
1029 -0.02436175679815733
1030 -0.18589714347064046
1031 -0.05827060061426437
1032 -0.09813446352865185
1033 -0.06468976123812809
1034 0.02670968855358069
1035 0.24346034540582195
1036 0.23142260730674025
1037 0.07783558676123903
1038 0.011884410716106686
1039 0.06812684104460232
1040 0.05964027053948939
1041 0.08731719912958624
1042 0.1444479551884683
1043 0.2010858929821211
1044 0.1972525767146749
1045 0.19787757467997835
1046 -0.010529923422893717
1047 -0.00895595258538151
1048 0.09951654891779071
1049 0.29578925906008635
1050 0.3017005494624527
1051 0.16317979096157842
1052 -0.03223675826734507
1053 0.0006082861886511637
1054 0.352512981750408
1055 0.45702417509562565
1056 0.13310407099601207
1057 0.15011995174268122
1058 0.0993819195175547
1059 0.06097461525013159
1060 -0.031792391674912324
1061 0.12908873313057256
1062 0.3500641360539589
1063 0.26113442868239645
1064 -0.05978651517244771
1065 -0.11498689312469423
1066 -0.07345157203997132
1067 0.008037672658474548
1068 0.08088218003916836
1069 0.00019838664877624979
1070 0.13297578439113522
1071 0.1923191222451237
1072 0.129817831308344
1073 0.06603199071912513
1074 0.21157597385160898
1075 0.06500983792540183
1076 0.053323078137395896
1077 0.17568742869724474
1078 0.2967657499304437
1079 0.3290318717940295
1080 0.252978746781821
1081 -0.012516607898476195
1082 -0.11208061651808521
1083 -0.0750108012737769
1084 -0.04364551966017416
1085 -0.06550892611244308
1086 0.17482877304308886
1087 0.35247931828189394
1088 0.43647287293799764
1089 0.21939608486729867
1090 0.11214606047013831
1091 0.36129240820383757
1092 0.3332816540073509
1093 0.296020097266819
1094 -0.033929003279922654
1095 -0.11742011522841267
1096 0.07913104548566707
1097 0.06438450897502435
1098 0.1347239273991363
1099 0.14465512794185997
1100 0.1644876917802094
1101 0.19306183093817708
1102 0.16848860449681524
1103 0.12484949679753754
1104 0.27600836386829997
1105 0.29354944517763215
1106 0.11300742217025572
1107 -0.06227977482353708
1108 -0.043877060994645944
1109 0.10168191395081294
1110 0.15175605979732154
1111 0.393678291191236
1112 0.363867920510927
1113 0.020445046334032213
1114 0.003153485443419868
1115 0.06897141332984802
1116 0.24622659186866258
1117 0.19116961006619704
1118 0.24951790781085492
1119 0.3720188123042476
1120 0.28513791072219874
1121 -0.0073823985927674585
1122 -0.04760298956034603
1123 -0.012380011575885419
1124 0.17254761316820577
1125 0.18475006379992465
1126 0.09741698085366579
1127 0.1749586688303566
1128 0.1602658583104244
1129 0.3533872436635761
1130 0.1396725863158963
1131 0.2599601935761484
1132 0.284098883624722
1133 0.343110830556725
1134 0.3105800872871214
1135 0.02737247238241025
1136 -0.03905943925263955
1137 0.15987004204635014
1138 0.438007748811458
1139 0.4165471380047734
1140 0.14282946791320228
1141 0.1452525397640443
1142 0.24414486435733807
1143 0.24211480763904092
1144 0.047567278798510415
1145 0.008005773074785338
1146 0.0905320854378715
1147 0.16817649866305828
1148 0.1831247972120309
1149 0.2596937111066495
1150 0.364990104139963
1151 0.5667988156670276
1152 0.42120262374965023
1153 0.17314103359291266
1154 0.04931904274451426
1155 -0.006901522486998601
1156 0.13141375962163693
1157 0.2076409231618186
1158 0.08131399743615475
1159 0.06338811036630432
1160 0.03772480312926518
1161 0.046208654683312034
1162 0.07738583159795098
1163 0.288264576358074
1164 0.24414074679515352
1165 0.02452826559516552
1166 0.09214730609443222
1167 0.3449236197510004
1168 0.4999549164989503
1169 0.3505907980675147
1170 0.24135766676090498
1171 0.28876600537807917
1172 0.3742972421782724
1173 0.35924141937260856
1174 0.13923069154742507
1175 0.06994187286073839
1176 -0.10637255582742
1177 -0.2358714459865041
1178 -0.01481872625276992
1179 0.052818918897969525
1180 0.12067065368086105
1181 0.2693935682736992
1182 0.2720512114458984
1183 0.3364772091260875
1184 0.2902188814332476
1185 0.39825337675853234
1186 0.3162116096361274
1187 -0.03423363954391334
1188 -0.15189431075003768
1189 -0.1290405601350244
1190 -0.0019684396187926723
1191 0.03589971328608499
1192 0.01910134069993319
1193 0.11061036855653583
1194 0.18607074910926258
1195 0.23244236159530374
1196 0.25956078438787245
1197 0.3791862868353064
1198 0.4842003695633821
1199 0.36173989535905093
1200 0.13071699408516224
1201 0.06962357368320227
1202 0.15114721558984456
1203 0.10949872451925557
1204 0.2521871164469758
1205 0.3632981515518168
1206 0.3823118009734685
1207 0.2883225450453324
1208 0.4022251239720731
1209 0.3332078922550181
1210 0.4708868936023691
1211 0.3764692700062824
1212 0.22485808821659248
1213 -0.19617586925170372
1214 -0.025378356873659413
1215 0.12246418047243424
1216 -0.14725894870065304
1217 -0.22591585993194485
1218 -0.06205669553361304
1219 0.2162118311621839
1220 0.3732163351838267
1221 0.23858462940620484
1222 0.042257816602784715
1223 -0.02115958357165937
1224 0.04966358336838539
1225 0.009828018304176567
1226 -0.011774222978772286
1227 -0.10831598485577842
1228 -0.09355853249195434
1229 -0.047346319858320385
1230 0.11055477102092937
1231 0.10060324855840008
1232 0.048778274153562506
1233 0.12460033861896136
1234 0.18185431434432076
1235 0.07836656316152357
1236 -0.01319850954564572
1237 -0.1237053144907918
1238 0.24536527674041508
1239 0.39529296807785386
1240 0.40734454671530784
1241 -0.020088681549225385
1242 -0.14985495985132502
1243 0.05312259820016152
1244 0.1348456333504373
1245 0.12894992430778984
1246 0.2730577090666202
1247 0.22068594235810224
1248 -0.02022302063699044
1249 -0.038382524246173944
1250 0.020213816181069433
1251 0.04248880721263504
1252 0.03984353511367544
1253 0.001977268087273387
1254 0.04382184377067233
1255 0.2543650982201484
1256 0.22965186137361115
1257 0.2084266054082491
1258 -0.8733831012640962
1259 -1.073475503716793
1260 -0.4665801409153687
1261 -0.4126158669752158
1262 -0.35139745288535096
1263 -0.25768862262935954
1264 -0.08378678898674252
1265 -0.04385465233576724
1266 0.04370263931724594
1267 -0.04241629533748892
1268 -0.17544604504377048
1269 -0.10930186869552472
1270 -0.037451354265499504
1271 0.035075216822860966
1272 -0.0008758467643019685
1273 -0.05229506914861304
1274 0.23904698688374992
1275 0.0218542785658542
1276 -0.11165967111321606
1277 -0.22124577533327283
1278 -0.19189692360083654
1279 -0.1255078482195131
1280 -0.07291500059346845
1281 -0.01061354164636441
1282 0.13490591229856363
1283 0.11153402647153143
1284 -0.1666712271348274
1285 -0.2817875140206638
1286 -0.44545026672665244
1287 -0.4455259407326366
1288 -0.18884189207147983
1289 -0.04001652874512729
1290 -0.12012794200484223
1291 -0.2088449048025609
1292 -0.18835043979544253
1293 -0.13728597055262526
1294 0.05426184801825684
1295 0.026534878690597452
1296 0.02432554016462518
1297 -0.018796157458950802
1298 -0.20150235110003223
1299 0.00655009839408649
1300 0.012701873096602867
1301 0.20596741555004883
1302 0.1091755773783234
1303 0.18571027521744554
1304 0.05508507418244335
1305 0.05830212984028549
1306 -0.017579482467056096
1307 0.027789687943823083
1308 0.1486272255078802
1309 0.21694121701119684
1310 0.14988424275742318
1311 0.060657316989306764
1312 -0.15813181654885966
1313 0.06715508658419367
1314 0.06963535694211487
1315 -0.06960995724887198
1316 -0.08396011914987866
1317 0.0649712995971754
1318 0.1920518837466716
1319 0.2834539909611067
1320 0.18853652316840908
1321 0.1349654140406642
1322 0.17672873945798528
1323 0.2813400827675423
1324 0.10322128962917532
1325 -0.08726304108500926
1326 -0.13905496188317557
1327 -0.11739505563804187
1328 -0.12584247618713107
1329 0.00878666834444175
1330 0.2036630939297197
1331 0.13750833550960806
1332 0.07531532330995105
1333 0.14350885600458696
1334 0.13086996025538156
1335 0.14091010521053704
1336 -0.060333293774647245
1337 -0.0707133991757587
1338 0.023120779322823637
1339 0.004568073356324476
1340 0.0004754880729933575
1341 0.07646075221259707
1342 0.09403960339710693
1343 -0.17304727750314441
1344 -0.1912457369483036
1345 0.017481892808746125
1346 0.29291341136888605
1347 0.2743809360991918
1348 0.08799239484028476
1349 0.06719446097491755
1350 0.15239299957761432
1351 0.11340112618705689
1352 0.019196929004294816
1353 0.09802699928422953
1354 0.10907478376788049
1355 0.19836206795588396
1356 0.2726349792745282
1357 0.16648641064296044
1358 0.17547020949444914
1359 0.10524306170520958
1360 0.0008917318627936766
1361 0.08887976331055825
1362 0.30288394515974915
1363 0.30579458198383236
1364 0.15778023628234905
1365 -0.0593643610975505
1366 0.11910438039865312
1367 0.42699506323640435
1368 0.3388413319606798
1369 0.028439396362671232
1370 -0.12849886000418564
1371 -0.1329856611695277
1372 0.14378245797752243
1373 0.27591198320772037
1374 0.2115378545781823
1375 0.06503345614288492
1376 0.07716357626378567
1377 0.14168780011152649
1378 0.33631373155100164
1379 0.17246915770732585
1380 -0.18734536277958114
1381 -0.21012323677570066
1382 -0.12753539448812035
1383 -0.025470823842738355
1384 0.056859542858376244
1385 0.08131004598976688
1386 0.33195322193768106
1387 0.18854826937285907
1388 0.04279365253864853
1389 -0.019614854213557464
1390 0.023471839609669587
1391 0.09601004534778212
1392 0.21703764216800892
1393 0.12957455657124228
1394 -0.025493122532111556
1395 -0.06042433364291355
1396 0.15601922581561212
1397 0.2677511205370138
1398 -0.06451550216490887
1399 -0.16251397381017796
1400 0.05566533023636566
1401 0.19838523183381085
1402 0.10613709828305673
1403 -0.016796867141010807
1404 0.10491776580920487
1405 0.20603933357091364
1406 0.2207640323951523
1407 0.21330038177654842
1408 0.06687595978547733
1409 0.027627503533096842
1410 0.010668743013411586
1411 0.08042336991559296
1412 0.41225036416278726
1413 0.38354622556136064
1414 -0.04230797201699943
1415 -0.006769027846701192
1416 -0.08451956325978927
1417 0.029511125849808195
1418 0.20535797790421384
1419 0.029562020450214277
1420 -0.0013762270024244572
1421 -0.0247615919627151
1422 -0.07235658272520595
1423 -0.083706159068754
1424 -0.1834675180595582
1425 -0.0028439347452149377
1426 0.10029248595105855
1427 0.06582527551000794
1428 0.20398504053292754
1429 0.34182162162233
1430 0.24083365486524144
1431 -0.015269660565138565
1432 -0.12034210879454577
1433 -0.09419143606510261
1434 -0.11146491510390888
1435 0.03215155320197027
1436 0.08283234950295082
1437 0.15656764584610983
1438 0.3458205006521098
1439 0.15819244074293692
1440 -0.0735686789587362
1441 0.04901172358762551
1442 0.037682830458777516
1443 0.1732070627811595
1444 0.098024579432888
1445 0.3479898364684004
1446 0.2405988598148383
1447 -0.10269052181655525
1448 -0.0654096232084953
1449 0.0751023788974976
1450 0.19589132975977464
1451 0.1484643819134135
1452 -0.44951258503448344
1453 -0.6175600306851265
1454 -0.33793014131668997
1455 -0.3073849739664638
1456 -0.14183654242231114
1457 -0.0810527970514272
1458 -0.1939517526242298
1459 -0.3040471064217627
1460 -0.12268418985604512
1461 -0.1360862871653694
1462 -0.19341941884380276
1463 -0.2087348823166053
1464 -0.11389989662166045
1465 -0.013796160773722477
1466 0.13831903196927442
1467 0.17791995775621672
1468 0.11629964359389078
1469 0.0066406571558559335
1470 0.020405834953692192
1471 0.02121835728314636
1472 0.02740295835667439
1473 0.07811341125176341
1474 -0.06037368172644619
1475 0.0016336075378262649
1476 -0.06375805958356295
1477 -0.08626257253115455
1478 -0.042178562736239655
1479 0.23199315874768445
1480 0.09631110895782058
1481 0.04528485324419762
1482 0.03795589361510565
1483 -0.08261689492087498
1484 -0.007521025368532719
1485 0.23708288213191508
1486 0.20870091296774262
1487 -0.12915434385945446
1488 -0.102541957403389
1489 0.08863086125876407
1490 0.16614366725605123
1491 -0.06362579260070333
1492 -0.042375416367974594
1493 0.003937295188961798
1494 -0.009409072691482834
1495 -0.049037370215899045
1496 0.1602377544456317
1497 0.1915842609719789
1498 -0.04511583235773742
1499 -0.11979129151927737
1500 0.1572986159420111
1501 0.12051546306076943
1502 -0.1073137848246688
1503 -0.051667490146144246
1504 -0.06859977865218525
1505 0.05942498586034617
1506 0.15518390375774516
1507 0.045385090211368606
1508 -0.07622166846493883
1509 -0.0568267418633468
1510 -0.08144146176181266
1511 -0.05731313029679086
1512 0.006615794394235763
1513 0.033388233856442184
1514 -0.025282133406903995
1515 0.1633208534789219
1516 0.2832841584175867
1517 0.11198159348549552
1518 -0.0001099225401617332
1519 0.062186598559776485
1520 0.1749488973804887
1521 0.232456106139864
1522 -0.08759428004560732
1523 -0.20068454612294317
1524 -0.3108625030173471
1525 -0.03840815207627202
1526 -0.10980709209923134
1527 -0.14340395408089535
1528 -0.12493481017867225
1529 0.12152015553226647
1530 0.24557780170840715
1531 0.24795822057910755
1532 0.2055578848830919
1533 0.13687969513870257
1534 0.18093223314343732
1535 -0.06042157833695683
1536 -0.0653112644924363
1537 -0.08394081270779452
1538 -0.04364653251832351
1539 0.16525172100438112
1540 0.06573579240915706
1541 0.03493580950407704
1542 0.2391127816788412
1543 0.42586185548259436
1544 0.20118400702057215
1545 -0.1310292793972394
1546 -0.1284371831191038
1547 -0.05911696244641007
1548 0.2924767728700317
1549 0.2807786898646327
1550 0.05972368964944508
1551 0.06732606333514468
1552 0.1810210014018594
1553 0.055172614126547614
1554 0.11139301581579275
1555 0.08616460642622314
1556 0.16523728289905648
1557 0.30490140827629375
1558 0.25578841071740044
1559 0.28433383244646393
1560 0.22942612802324902
1561 0.10817225909283934
1562 -0.03402578927602917
1563 0.14544483039594525
1564 0.1666021550278174
1565 0.0822705191740738
1566 0.23507604636745327
1567 0.46815026294729023
1568 0.1945786799049074
1569 0.05396899549373302
1570 0.09009116696404362
1571 0.32373066381819626
1572 0.3819483084941453
1573 0.1968754598270266
1574 0.04513082991337569
1575 -0.0012202527884142
1576 0.24985498595719946
1577 0.17849622962268086
1578 0.13724676278593506
1579 0.1756160803628859
1580 0.17464204826251262
1581 0.1406930665531263
1582 0.09155381843368104
1583 0.09811002000469671
1584 -0.16339246824742304
1585 -0.0805918273606494
1586 0.14471420038563565
1587 0.18547673932363296
1588 -0.01812202063507584
1589 -0.031243107708803564
1590 0.07006834299858156
1591 0.1976364986153385
1592 0.12767690250751684
1593 -0.06619557449101876
1594 -0.07633090982574231
1595 0.16294179463056935
1596 0.11624576514964247
1597 -0.0008947891221282589
1598 -0.10999403837865884
1599 0.049479964119541364
1600 -0.35225426648662506
1601 0.03791132336783676
1602 -0.14986291076940006
1603 -0.27556369847866335
1604 -0.27679455639673733
1605 -0.09637774340052374
1606 -0.04884321792292212
1607 -0.05914221616882287
1608 -0.10380978431771837
1609 -0.04201830379651028
1610 0.053016018469747905
1611 -0.025651903386631147
1612 0.06519303649520225
1613 0.2372008220527846
1614 0.11663168443703853
1615 0.03549410849865353
1616 0.17945503512936511
1617 0.0759759474469206
1618 0.016940227280315412
1619 -0.04712561371781021
1620 0.019011369855036264
1621 0.110348688800741
1622 0.18124603098266334
1623 -0.012911699504854823
1624 -0.14959023709803887
1625 0.0034388497151667252
1626 0.0036113567409188363
1627 -0.10302282194561485
1628 0.033693983341152034
1629 0.018270023508250688
1630 0.018754982321240732
1631 -0.04139629652650001
1632 0.039578809989507135
1633 6.011700190811098e-05
1634 -0.01457439880016409
1635 -0.015208044304358737
1636 -0.06561194923898483
1637 -0.014695958599872938
1638 0.01908240004348727
1639 0.04607311113579726
1640 0.14452427972844362
1641 -0.29842484833778826
1642 -0.36969585031243923
1643 -0.28657401872897026
1644 -0.12901090993210573
1645 -0.002395225457462402
1646 0.11859364911879311
1647 0.07092037599369405
1648 -0.09774779329416106
1649 0.05439398623849456
1650 0.07116283741680718
1651 -0.047618129142335874
1652 -0.08715191632387587
1653 0.1067482572816516
1654 0.04748730258666001
1655 -0.11473521614612991
1656 -0.23700868461151003
1657 -0.12648074716514657
1658 -0.04257407438728933
1659 0.006292472246968828
1660 0.04726433372024985
1661 0.11110311448095445
1662 -0.010652012539480893
1663 -0.1677073593161822
1664 -0.02277499822827167
1665 0.11973410285844466
1666 0.2550645478448246
1667 0.3859120157073903
1668 -0.022761787241392994
1669 -0.20758757001880213
1670 -0.17035455737430993
1671 -0.08337961269387506
1672 -0.06230605048739335
1673 -0.25000515326860295
1674 -0.41080067312611845
1675 -0.16799750860531049
1676 -0.221288781443036
1677 -0.24810760387924802
1678 0.1303921727515558
1679 0.10753392801160544
1680 -0.23413038001405084
1681 -0.24510646227105326
1682 -0.04663709441200581
1683 0.21773289327984457
1684 0.1049047841941615
1685 -0.09308695642141629
1686 -0.13634708327435874
1687 -0.0262938814142899
1688 -0.12126411323146158
1689 -0.09105879435031738
1690 0.08364899653548719
1691 0.17990732527584896
1692 0.14412299984815036
1693 0.025407018231931033
1694 -0.16193974803729816
1695 -0.03287667278590334
1696 -0.03861640832082003
1697 -0.13619507300859368
1698 -0.1223767097631594
1699 0.09824734186406658
1700 0.1978009869374091
1701 0.10402456167270202
1702 -0.18549433666021287
1703 -0.20303141488432175
1704 -0.20998320747622756
1705 -0.14289442123651952
1706 0.02718038588886884
1707 0.11393184232855447
1708 0.08931040250945443
1709 0.16178328118957097
1710 0.039453353345436426
1711 -0.016080470680662984
1712 -0.016145519481028714
1713 0.031902466425947296
1714 0.10261287073149106
1715 0.04711797941160967
1716 -0.0189155313869378
1717 0.15885199754796986
1718 0.06164649516773579
1719 -0.3707243612261095
1720 -0.38019069204796097
1721 -0.22055310471785106
1722 -0.171146643503846
1723 -0.07499328302765207
1724 -0.12188990436828817
1725 -0.23289850923185895
1726 -0.29068105891337837
1727 -0.11442476337117569
1728 -0.18791103674067244
1729 -0.2084546630632076
1730 -0.12005419449849342
1731 -0.019913971960534127
1732 -0.1418226158593825
1733 -0.16080670106674688
1734 -0.0941097515554361
1735 -0.06582210032365765
1736 -0.11738258657965162
1737 -0.03228654217701887
1738 -0.05871972659878111
1739 0.07989463170434874
1740 0.21602296687910894
1741 0.13122721297440876
1742 0.06712314643397121
1743 -0.015679985358588056
1744 0.018641060432344148
1745 0.002460355713139961
1746 0.04856315892072871
1747 0.06439871237824946
1748 0.21872614969913684
1749 0.16686196207649573
1750 0.02321052415408076
1751 -0.1473396259127071
1752 -0.10281901246122516
1753 -0.037090667915776976
1754 0.11812949918549975
1755 0.08583748404709013
1756 0.036126391050459006
1757 -0.13614840343399237
1758 -0.03040728063251663
1759 0.14745899875293844
1760 0.20847317563601564
1761 -0.2589791617311903
1762 -0.8437223000428276
1763 -0.32531122206762575
1764 -0.22781512979389618
1765 -0.16271630865480802
1766 -0.2212245596944058
1767 -0.15933144319274106
1768 -0.08375443528990445
1769 -0.10832038313526482
1770 0.02143799485816089
1771 0.106557405954959
1772 0.2006755324121059
1773 0.21303098384368013
1774 -0.011904340522050916
1775 -0.11855078311776879
1776 -0.053881134938876585
1777 0.03856148453547803
1778 0.07480029044404546
1779 -0.16844905720961378
1780 -0.27181882585853145
1781 -0.21631647623598838
1782 -0.1426475300818879
1783 -0.042894320393315866
1784 0.22568082167725834
1785 0.09187699949717398
1786 -0.1826342043253817
1787 -0.07740029965265194
1788 0.12483263092047991
1789 0.1402816103237683
1790 -0.06805216008319803
1791 -0.13896287300650556
1792 -0.055347945663470455
1793 -0.08104862275615687
1794 -0.10453555859101016
1795 0.06204594277380693
1796 0.04784804585284519
1797 0.06712659748370697
1798 0.10715057595240296
1799 0.07997702937876738
1800 0.11913076449519622
1801 0.04542233965645437
1802 0.12202336651250789
1803 0.07906917372116595
1804 0.02825527387835791
1805 0.069510965583504
1806 0.14366809730182695
1807 0.32199409701195236
1808 0.279634589886939
1809 -0.1433120982607079
1810 -0.19040379686578035
1811 -0.14417384673447486
1812 -0.09990545346960289
1813 -0.11704713478081885
1814 -0.18398522253278315
1815 -0.6914384852740909
1816 -0.5638042733759221
1817 -0.13660936757611353
1818 -0.05590316876174484
1819 -0.1467259728525505
1820 -0.11830398007754184
1821 -0.15714483086435393
1822 -0.1502981244979651
1823 -0.03558908027673624
1824 -0.11630248197946003
1825 -0.2197340659679412
1826 -0.1302760201040769
1827 0.03475320994880349
1828 -0.11565275418513465
1829 -0.08681626086109873
1830 0.09485555862187312
1831 -0.1640912409729367
1832 -0.18717863115102773
1833 -0.08138130526157283
1834 0.03258351356822686
1835 -0.22765763872217804
1836 -0.08740626518391537
1837 -0.22347229848156758
1838 -0.3042727515704087
1839 -0.17999056492226373
1840 0.0565389117224413
1841 0.07498963773127798
1842 0.004996125496802506
1843 -0.05355492575739618
1844 0.10665879415654445
1845 0.30310062559181006
1846 0.38773975076162515
1847 0.05955286321011499
1848 -0.13894956779301992
1849 -0.029460269360868097
1850 0.11654513377794729
1851 0.16388657897294934
1852 0.23473007495539377
1853 0.15927229141061616
1854 0.024601716401946305
1855 0.02222809061481712
1856 0.10939663595138427
1857 0.04575637177623548
1858 0.025533554270054992
1859 0.08262307116285683
1860 0.12448392987664647
1861 0.16173388139617373
1862 0.10547048739920228
1863 -0.05038507945181436
1864 0.028351644792110164
1865 0.18305609078339558
1866 0.2217187053337284
1867 0.21738899988571347
1868 0.1328359222671338
1869 0.03703677542716832
1870 -0.03487930150441798
1871 0.08831700980880441
1872 -0.01716685785174832
1873 0.040793708663670714
1874 0.026202200326054026
1875 0.04759077276662538
1876 0.0704491912957792
1877 0.008398292992922052
1878 0.08241220769349411
1879 0.14518767883765804
1880 0.13063546079871458
1881 -0.09376214383240722
1882 -0.0991246680885638
1883 -0.007534603451460953
1884 -0.40346206880894897
1885 -0.4918739300508719
1886 -0.33610171295890723
1887 -0.1717153894763328
1888 -0.17983638327308427
1889 -0.15761216795505106
1890 -0.16268901769007016
1891 -0.3153100308120429
1892 -0.16819536458604034
1893 -0.16609464685956254
1894 -0.05367072246906446
1895 -0.008934544233341057
1896 0.003985885175268322
1897 -0.10495843282910755
1898 0.0564104488933026
1899 0.050827876051528165
1900 0.07544637642365615
1901 0.0919736436585481
1902 -0.05019524410414533
1903 -0.45104204582128204
1904 -0.2634540027572143
1905 -0.1479984547970048
1906 -0.000608421574327167
1907 0.07188327863326549
1908 0.2131342726382286
1909 0.28943702165076957
1910 0.10323342315223272
1911 -0.14791021644305147
1912 -0.21362997544702012
1913 -0.14317519765347697
1914 -0.09814184533883008
1915 0.11115827753025087
1916 0.03968383866072145
1917 0.06787061854993226
1918 0.08344026511076663
1919 0.19781188022437846
1920 0.06661137561115993
1921 0.13519292915918868
1922 0.08700312369546737
1923 0.02102947224852869
1924 0.1265907515703475
1925 0.11817011596576776
1926 0.03589394925495526
1927 0.11037500932496869
1928 0.09197080670708146
1929 0.05052565706404266
1930 0.24579615710445069
1931 0.08675675249418191
1932 0.0016588613619887838
1933 0.15226213546890222
1934 0.1570995564260329
1935 0.08688162384868292
1936 0.22064316226072833
1937 0.45564427374824845
1938 0.46857018311749243
1939 0.22879058913866857
1940 0.06600450230649813
1941 0.11066775567218201
1942 0.24289548545442585
1943 0.19162657581972553
1944 0.0795074256294015
1945 0.11940711878355614
1946 0.1573676800913404
1947 0.1263971266591284
1948 0.29615788409881816
1949 0.3508660115901989
1950 0.1573633212682921
1951 0.058456414029819825
1952 0.11196591703389913
1953 0.07881980596289395
1954 -0.05614884764668204
1955 -0.09736571249408144
1956 0.029114816803314625
1957 0.24389576333379637
1958 0.2711021387208916
1959 0.26196432616183074
1960 0.317115327934971
1961 0.21901307311833307
1962 0.16219035569724838
1963 0.04068707594450416
1964 0.05561074856035475
1965 0.14369496561801043
1966 0.21847924292359266
1967 0.09130003527013741
1968 0.10006552866985885
1969 0.26030840681573864
1970 0.3760432007958343
1971 0.3459911116069634
1972 -0.02845863839638696
1973 -0.08071996140506599
1974 -0.004547601714875782
1975 0.10072741421657838
1976 0.2528632810304998
1977 0.34549062051519286
1978 0.4961684028723994
1979 0.4345258656070996
1980 0.2960409714338539
1981 0.32800759742031005
1982 0.29177189736827813
1983 0.37547778512526975
1984 0.35674452969817594
1985 0.4518763320276662
1986 0.39489083935410463
1987 0.4426291546599259
1988 0.34755211161365196
1989 0.37201960807726664
1990 0.48725118227213216
1991 0.41861049181727594
1992 0.30855718785858244
1993 0.3407030831824045
1994 0.24603326855395835
1995 0.29226795113021353
1996 0.31441330921580857
1997 0.3921834256746024
1998 0.6244862350689573
1999 0.7241439236890415
2000 0.9416694068238485
2001 0.6997114845431724
2002 0.37125846919701644
2003 0.44214941130508123
2004 0.5006151760444482
