850 0.24974897710615987
851 0.2030811005743747
852 0.19649493335465176
853 0.06349995253345678
854 -0.263406840933376
855 -0.30632786957192154
856 -0.16587256933580893
857 -0.008272711253360009
858 0.05111479141471346
859 0.15023762374608832
860 0.13655184310301574
861 -0.023365780955591796
862 0.010855428692375248
863 0.11449014034668362
864 0.1104234231762096
865 0.11654719772901426
866 0.12419168731276822
867 0.10036333245023779
868 0.0646132643710278
869 -0.004346618330307771
870 0.03151224899159825
871 0.08158970841300042
872 0.0675710160847505
873 0.018954537466308742
874 -0.11149539628109115
875 0.011196525601471698
876 0.022759491201279437
877 0.02865176736328049
878 0.03603362912219591
879 0.08400071701283632
880 0.10721076622213313
881 0.0012764927620967717
882 -0.049476896122362356
883 -0.08023304921328209
884 -0.004185523167384596
885 0.07662407781243455
886 0.10612509276610108
887 0.1601030902469436
888 0.13713215308065155
889 0.10022763894279232
890 -0.029868430674573752
891 0.06893370850361616
892 0.14050093432394742
893 -0.023279638873921336
894 0.05706765585427757
895 0.055095865587711436
896 -0.023070588715304617
897 -0.4154303125588878
898 -0.36319899880901646
899 -0.17436027516941086
900 -0.07636274129628437
901 0.038080895247228276
902 0.059184701151261655
903 0.01929689708323149
904 0.039288797315814285
905 0.08101200828111568
906 -0.0046930600495240435
907 0.006669840004926576
908 0.08724330502242064
909 0.0005818063448917235
910 -0.017711264083734655
911 -0.16066080572141136
912 0.012025614509648043
913 0.01868398471737901
914 0.028440512517713436
915 -0.03029989632846327
916 -0.044732688533533925
917 -0.040571384998193204
918 -0.24754436557588197
919 -0.07206932431301102
920 0.01629336204815427
921 0.0636226331183796
922 0.05087801153491437
923 0.05364375901184285
924 0.10581571714573992
925 0.04451599590670167
926 -0.03921124225512603
927 0.15776246646573536
928 0.09067475431471375
929 0.10379243457175316
930 0.02403419461774984
931 0.06570937877024544
932 -0.024697444503024323
933 0.09006962681253053
934 0.24222218105877327
935 0.22595075063140693
936 0.09297010630832328
937 0.11389214036575804
938 0.13155624148158476
939 0.16454645322643027
940 0.021649139908570127
941 -0.053295424252032896
942 0.004863112712095975
943 -0.02811481773118448
944 0.0841510918182369
945 0.21859116841103268
946 0.12519063273067313
947 0.10010196498746818
948 0.01703976796000898
949 0.013979066061446978
950 0.05889028496302199
951 0.009647719290919489
952 0.09701855929348294
953 0.14723197386025258
954 0.0861264953429757
955 0.03821985454085034
956 0.07261637570349858
957 0.04403938399287636
958 0.06659607903777423
959 0.16495406408217586
960 0.1956428543027844
961 0.1973696741623119
962 0.051028678660324935
963 -0.06646099629977262
964 0.05996060245565541
965 0.09664054931585933
966 0.14124810769528476
967 0.09461895801713108
968 -0.058962577284935556
969 0.08624934221360017
970 0.042224514834638106
971 -0.3016508163319624
972 -0.3896328304542091
973 -0.22238311204545444
974 -0.16083068620098648
975 -0.04288598005705598
976 0.014644622603166048
977 0.08389819188176698
978 -0.02217802796706355
979 -0.02366393946498665
980 0.09362024439514907
981 0.12821070384934255
982 0.07533161782886036
983 0.013226596041713314
984 -0.058379944969479035
985 -0.1443478796106685
986 -0.04507400728788543
987 0.20601300836842465
988 -0.0406867105645485
989 -0.12379794974332545
990 -0.026876402633027006
991 -0.07784314953106805
992 -0.21525064140961622
993 -0.11462690939344175
994 -0.07939533353134284
995 -0.12396630031724062
996 -0.13213013242942925
997 -0.08247385542431648
998 0.007626749666835443
999 0.024136527621985628
1000 -0.000698344616798928
1001 0.003741630137946962
1002 0.10166603199616911
1003 0.02772776797486113
1004 0.07439134264587646
1005 -0.0315381345187031
1006 -0.1997287397313041
1007 -0.014248770185181635
1008 -0.12071677717687199
1009 -0.06835223523278519
1010 0.005456035282017914
1011 0.03367177158737359
1012 0.04105777608675435
1013 0.09772939017705976
1014 0.09910533354782028
1015 -0.02118070281527725
1016 -0.008171687908591317
1017 0.04552049372433412
1018 -0.12088125326299878
1019 -0.12169096674846533
1020 -0.03924317216671188
1021 -0.1491637691670373
1022 -0.029385038925445493
1023 0.04302043605930276
1024 0.016464799878756188
1025 0.023180732887519574
1026 -0.040593265561701806
1027 -0.04148187395343502
1028 0.026644197655636893
1029 -0.07778188393444016
1030 -0.01837340270144768
1031 0.06101339152184874
1032 0.019943423916297255
1033 0.030991842619593903
1034 0.06680101300430333
1035 0.10996725241381891
1036 0.16383565288908566
1037 0.024023858907819252
1038 0.04921579950753067
1039 -0.01212654228338824
1040 -0.12261718135743213
1041 -0.35569213942283356
1042 -0.28543992982473826
1043 -0.06939887042425671
1044 -0.003383181231233899
1045 -0.0030775063520902188
1046 0.10838708805227706
1047 0.030011681591483742
1048 0.04729407697221614
1049 0.008019109274991755
1050 0.04947645021889894
1051 0.012121881502489308
1052 0.03625449341815038
1053 0.14413098071026734
1054 0.09950571496904995
1055 0.09202330094098879
1056 0.0653102095053644
1057 0.22461210398081202
1058 0.21929690332769705
1059 0.00860075429984345
1060 -0.07451886390923865
1061 0.01658282095696432
1062 -0.007069404810456668
1063 0.009950309469056541
1064 0.07144412805741676
1065 0.10146984845915522
1066 0.14737122463209043
1067 0.08749248873511742
1068 -0.0017354142003593517
1069 0.034379968430650755
1070 0.10352499051163913
1071 -0.029796193054428564
1072 0.07341714470050856
1073 0.04682707648528076
1074 -0.0007926797289225726
1075 -0.0626890621089071
1076 -0.09633776767679156
1077 -0.09270976697398756
1078 0.03410763604541426
1079 0.11222714284714111
1080 0.09409678867565144
1081 0.1519748384435591
1082 0.08152932700859064
1083 -0.050652089378436536
1084 0.009422348653467728
1085 0.06194731814191282
1086 0.03309023200939446
1087 -0.049433755803525124
1088 0.014407619876530865
1089 0.12750966473073258
1090 0.11666219970016736
1091 0.04818685409459004
1092 -0.10749799275730784
1093 0.0033362603816247463
1094 0.06785202118477154
1095 0.07208025037307134
1096 0.08153060677103421
1097 0.03672588726773011
1098 0.015875032000744617
1099 0.011601940898183151
1100 -0.0118279801837868
1101 -0.01000063027321648
1102 -0.07347775584854863
1103 0.07884910122249703
1104 0.03551385909947594
1105 0.006376886809286865
1106 0.09133325398807737
1107 0.1367927374539111
1108 0.09280300987371429
1109 0.08987278935416934
1110 0.025200260442895618
1111 0.07689728588764846
1112 0.017332536099965913
1113 -0.039068389462036245
1114 0.0029121649403212393
1115 -0.02763705772752264
1116 -0.019394569011685868
1117 0.06092917532107304
1118 -0.10752485478069748
1119 -0.06311730236722288
1120 0.037385881969337155
1121 0.09491064699143162
1122 0.06738876671614416
1123 0.08934698907490637
1124 0.05070417344485104
1125 0.012045325533913277
1126 0.007366377685807314
1127 -0.06547995083598399
1128 0.09677651736604712
1129 0.1299741362673306
1130 -0.015029492421936262
1131 0.12015719271591688
1132 0.12719976980884876
1133 0.06963469244045409
1134 0.08032495580779123
1135 0.08707995678714478
1136 -0.14373260623721326
1137 -0.0010492933733327811
1138 0.07621713699541924
1139 0.03900530290389707
1140 0.0871859840545515
1141 0.16137676162424877
1142 0.03322741211264638
1143 0.06823758923150972
1144 0.07965076481139913
1145 0.007921178569924726
1146 -0.015901597441986902
1147 0.02290064406992979
1148 0.018874138407520426
1149 0.07863433260969013
1150 0.14450231146595097
1151 0.1297591987499889
1152 0.1137360465721802
1153 0.10144250257514822
1154 -0.026390192094813934
1155 -0.006961278511360157
1156 0.07657411814728657
1157 0.14626687085240955
1158 0.14416592007814624
1159 0.12775635955916623
1160 0.16601123588851333
1161 -0.02802687526649624
1162 -0.005427623535060953
1163 0.1030580061354929
1164 0.036782252931866245
1165 -0.08689861855014233
1166 -0.07449924519419501
1167 -0.12202995662209123
1168 -0.10031711461816958
1169 -0.07071402026939741
1170 -0.1541211097818884
1171 -0.1479760034713333
1172 -0.08018821074141688
1173 0.045912284654386716
1174 0.0005611026291010637
1175 0.04677796118711267
1176 -0.016534800485933553
1177 0.034122736655612974
1178 -0.0651675559185971
1179 -0.050021195951321894
1180 0.06737550540953843
1181 -0.04601669306253161
1182 0.017044583602691822
1183 -0.022803418347782732
1184 -0.017188645741773777
1185 -0.043075302485638255
1186 0.010641032416581132
1187 0.08449168913711883
1188 0.12631015108980573
1189 0.09666779534496509
1190 0.1720623711096412
1191 0.14583924096258197
1192 0.023787238940551382
1193 -0.09143423146763571
1194 -0.1114329220463812
1195 -0.03970358533967119
1196 -0.1898520186979251
1197 -0.06127686036335508
1198 0.05940028494155495
1199 0.1296003332371445
1200 0.07433406744082485
1201 0.07317951758927602
1202 0.06302030642889103
1203 0.12786664877683943
1204 0.06204174677896827
1205 0.008577722623678986
1206 0.12345958876017885
1207 0.13207078071622827
1208 0.11515714920222744
1209 0.22753883299493263
1210 0.21552236831872487
1211 0.18333115613450882
1212 0.047408364247710146
1213 0.15606373519893604
1214 0.06397025857661201
1215 0.20683741964723804
1216 0.12094052557535842
1217 0.035324800225518906
1218 0.11093461169168431
1219 0.09473094940234186
1220 0.15025823808282193
1221 0.1542877159431644
1222 0.12780391567032193
1223 0.29433242500989293
1224 0.16856079812095895
1225 -0.0112691841468315
1226 -0.0016477799388691858
1227 0.03199100669389491
1228 -0.2506935274122863
1229 -0.6388879513138956
1230 -0.6041681810613024
1231 -0.4278579818896357
1232 -0.2710658988201455
1233 -0.17926414813421407
1234 -0.09721292532514345
1235 -0.12355640925482267
1236 -0.1467178405310303
1237 0.029362450959306265
1238 0.14308097257134914
1239 0.2120187166343133
1240 0.16411024262874643
1241 0.08764855878070857
1242 0.15077287558404787
1243 0.24001025648926524
1244 0.17153360386266495
1245 0.1478993673823741
1246 0.2647272388636655
1247 0.1683758602356509
1248 0.27004016073301257
1249 0.04986242173812098
1250 0.01788329391662028
1251 0.12004572116098625
1252 0.12384486882809578
1253 0.20505592346797566
1254 0.20043024241699395
1255 0.28155688852536725
1256 0.21701525518722956
1257 -0.03811837467633513
1258 -1.1798522900741002
1259 -1.1222537330373736
1260 -0.5996906417946004
1261 -0.29006663939741445
1262 -0.14616027001095763
1263 -0.17741431844955532
1264 -0.048177239983706564
1265 -0.048763531096531275
1266 0.031285721553908664
1267 0.0011146113291236395
1268 -0.059966837361448776
1269 -0.11824831413502143
1270 -0.008281153646000981
1271 0.03799182353822953
1272 0.10666400274159041
1273 -0.041189077010519846
1274 0.04551627057186106
1275 -0.017729030173816406
1276 -0.045551182278520806
1277 0.13108555104521183
1278 0.055417046357272105
1279 0.1050108915046142
1280 -0.05382838014906174
1281 -0.00024277909039046447
1282 -0.013682597549339058
1283 0.04555789605258024
1284 -0.041360048691322114
1285 -0.1304533590291523
1286 -0.5043528446728285
1287 -0.7209013243249753
1288 -0.5854319048736922
1289 -0.34178102956109585
1290 -0.2785719895995182
1291 -0.1431301568342089
1292 -0.09399999482484664
1293 -0.01901727572339059
1294 -0.05685241236260726
1295 0.02384147972748888
1296 0.055297601261381536
1297 0.005074483409382359
1298 0.038968837130378055
1299 0.052265195927597964
1300 0.13330877685104706
1301 0.011527014076714116
1302 -0.019226782702494526
1303 0.13743246106924725
1304 0.121988124891411
1305 0.13220429884712284
1306 0.08657038536848385
1307 0.09323061206044694
1308 0.016792507266311353
1309 -0.047091195742259694
1310 0.018497695014454897
1311 0.050365155619326564
1312 -0.07151223908890889
1313 -0.09169729194456086
1314 -5.492260190994441e-05
1315 -0.043850370202724386
1316 0.006340229719009861
1317 0.03803912863419082
1318 0.0966987681940257
1319 0.08416066747208542
1320 0.03198388936307065
1321 0.02773698151663421
1322 0.030912802072586877
1323 0.03368547671881043
1324 0.019521998408331277
1325 0.05853901277908772
1326 0.15309651895831602
1327 0.08524835687911472
1328 0.062432573282260186
1329 0.06360623218086839
1330 -0.1126781181197227
1331 -0.2892935948711876
1332 -0.23707210956319177
1333 -0.1841235080047365
1334 -0.1308535455273638
1335 -0.05578938876259617
1336 -0.013425376635828067
1337 -0.0008775011336208047
1338 0.0392665644893189
1339 0.06243532689695467
1340 0.028221383799811796
1341 -0.06682265086612024
1342 0.017789525107852845
1343 0.06304926442670403
1344 0.12959602231723902
1345 -0.011550598785438702
1346 0.026103517407827716
1347 0.02174336859344276
1348 0.021312772719747776
1349 -0.0867004793130288
1350 0.005940069639288871
1351 0.09385602888495195
1352 0.04212321521567656
1353 -0.035954926240540495
1354 -0.014396335148367322
1355 0.04748910727466619
1356 -0.025132444125508933
1357 0.059380188431370974
1358 0.14691722053516723
1359 0.031895339090008114
1360 -0.12979222724464098
1361 -0.05913013380750517
1362 0.031021921797910003
1363 0.06445497642926948
1364 0.12059927244673399
1365 0.15643165396614658
1366 0.11434519399024093
1367 0.1775125310965198
1368 0.002616028119982551
1369 -0.015997267827620086
1370 0.022318527448996796
1371 -0.039303513207860484
1372 -0.061641455885753836
1373 0.0798975183440778
1374 0.09798624349509491
1375 0.08965316629770295
1376 0.10344514811880326
1377 0.07285586908296618
1378 0.008150394722813238
1379 0.06339535111403374
1380 -0.006140686372523484
1381 0.023145069335337033
1382 0.0533281240541417
1383 -0.07701681250164502
1384 -0.005468749454669429
1385 -0.07261267156910908
1386 -0.10251495987977496
1387 -0.09324097365628423
1388 -0.06639122661561278
1389 0.04382861742397818
1390 -0.048949013190613365
1391 -0.08652653388820927
1392 0.10957244706595229
1393 0.1291462211803012
1394 -0.0026731085454709466
1395 -0.007245414941953819
1396 0.07345404353760368
1397 0.12180095690758644
1398 0.040770875210521175
1399 -0.08210838872223822
1400 0.08730575622343831
1401 -0.06808334794606272
1402 -0.03865344879118556
1403 0.08754930214412052
1404 0.04665557945538449
1405 0.043997363007870084
1406 0.02599264758164036
1407 0.15675906059022718
1408 0.06480551755147171
1409 0.049563778113290304
1410 0.09016468543974024
1411 0.10327656288326106
1412 -0.07458377449278505
1413 0.015795488913235935
1414 0.09328449562031874
1415 0.09741807757832002
1416 0.197174357598394
1417 0.0708610572224391
1418 0.0897362010437153
1419 0.1342455198749324
1420 0.037331173490779114
1421 0.0812174336950964
1422 0.008314282398098206
1423 0.06124396683794412
1424 0.17406285645223288
1425 0.0752035024853033
1426 -0.03686341503582998
1427 -0.08302662858613094
1428 0.06482244985512334
1429 0.1256836323125388
1430 0.07049209290591743
1431 0.118758409179927
1432 0.16270354756216857
1433 0.11068257125783457
1434 0.1216377105821014
1435 0.10137353583901113
1436 0.12976459621223493
1437 0.17402594460743084
1438 0.16627914650053735
1439 0.09451482595387442
1440 0.1107377654498212
1441 -0.08697909865968786
1442 -0.3529390845172226
1443 -0.30420847792310285
1444 -0.12944849391089083
1445 -0.06457688561891037
1446 0.03360271999197021
1447 -0.06529787135894158
1448 -0.09816612719406767
1449 -0.10746458430286585
1450 -0.03199034088327398
1451 -0.0637677770817415
1452 -0.08061562391298158
1453 0.010750339463706772
1454 -0.10388206371481165
1455 -0.17975427261847263
1456 -0.6612172375107459
1457 -0.7158102088065927
1458 -0.5927315706755873
1459 -0.3444407142179013
1460 -0.31140105848611727
1461 -0.19140146277833556
1462 -0.05847945874523038
1463 -0.12740080869484946
1464 -0.02934517446259651
1465 -0.008275332200346562
1466 -0.043325632607425356
1467 -0.0006822905756873263
1468 0.0629982093115107
1469 -0.0010648913416754988
1470 -0.06156080786313641
1471 0.014324442226220348
1472 0.1163613865012483
1473 0.12236609939470536
1474 -0.03946790619192161
1475 0.011386903762124624
1476 0.09667751702319019
1477 0.07491298166122287
1478 -0.023320300845559992
1479 0.00023047768889664783
1480 -0.01271580775897082
1481 -0.17806608638550434
1482 -0.06414401774610742
1483 -0.08984725755458631
1484 -0.0536555652085919
1485 0.07198083350568577
1486 0.07695532181987555
1487 0.05838718605884633
1488 0.14935199191479323
1489 0.16272601062787298
1490 0.1206472491824773
1491 0.0766673648674985
1492 0.11825220222699254
1493 0.1330747201602183
1494 0.18982167325391155
1495 0.12407743227408655
1496 -0.014516472474886265
1497 0.16486149194799718
1498 0.05115427615494109
1499 0.09005489530586355
1500 0.16744926201153912
1501 0.1426090452634501
1502 0.006917022109528083
1503 -0.047962438054119226
1504 -0.04466669606602199
1505 -0.06313478662388225
1506 0.00019996486362042903
1507 0.09022792447013653
1508 -0.07695586063771562
1509 -0.047522408567877115
1510 0.07273338941429056
1511 -0.01899702094407548
1512 -0.03478598469251001
1513 0.06013952319876562
1514 0.08028899728459218
1515 -0.04783514413917619
1516 -0.06647992536897182
1517 -0.005091215529196412
1518 -0.06296845090155576
1519 -0.13128887314308277
1520 -0.11232471855264767
1521 -0.06791421284247254
1522 -0.04442073802487375
1523 -0.09073096419392887
1524 -0.20968049333150948
1525 -0.13143904136147985
1526 -0.1355762392366184
1527 -0.1284563461658674
1528 0.009288779163009443
1529 0.07052693437902671
1530 0.024935742794932415
1531 0.06992748867311074
1532 0.00564236905496255
1533 -0.0415514060853663
1534 -0.013195704274883334
1535 0.03809099832518296
1536 0.027661572047984286
1537 -0.014998715221670587
1538 0.029729834850522642
1539 0.00954532279969026
1540 0.09450966651781736
1541 0.0014320853122829283
1542 -0.01747412447740789
1543 -0.0614811117173328
1544 0.003573221132464645
1545 0.09247007065449434
1546 0.023796634119671402
1547 0.10796662266523963
1548 0.14015572653517874
1549 0.186002804674283
1550 0.11732457380737496
1551 0.20960658692423276
1552 0.09496852044817142
1553 0.0730783745202164
1554 0.05467955234656511
1555 0.10321990975621456
1556 0.05834179055143277
1557 -0.016037586637983346
1558 0.10243690519463125
1559 0.09586174754060475
1560 0.1476686704388133
1561 0.02212864031776899
1562 0.1040458131483977
1563 -0.011783654480941728
1564 -0.06970704628240829
1565 0.041209039082966505
1566 0.056533295708343125
1567 0.10224893902143076
1568 0.20369996428389395
1569 0.1130751988870973
1570 0.08364330036153869
1571 0.22803746749930023
1572 0.17139487163547965
1573 0.016035115554936787
1574 0.0740229312669474
1575 0.037563807077114965
1576 0.0016987631582967913
1577 0.012988144473476772
1578 0.0029235691153619917
1579 0.009584020977408549
1580 0.053071798298569596
1581 0.031407661135526545
1582 0.0027320757046798497
1583 0.011984860507718444
1584 0.021173197303378223
1585 -0.12869455726825227
1586 -0.062101941320170405
1587 0.05545044371235445
1588 0.010959359385205793
1589 -0.09996460582833852
1590 -0.09970115122944453
1591 -0.012229636895304062
1592 0.01965223684670473
1593 0.013983180603142777
1594 -0.1108296418430452
1595 -0.09899843231834457
1596 -0.04296562082185137
1597 -0.07747731956049184
1598 -0.0566998462644985
1599 -0.106447924117381
1600 -0.5494305750002493
1601 -0.6339729366915119
1602 -0.4720356436146655
1603 -0.29532158070440134
1604 -0.3024022003551092
1605 -0.15808263708827572
1606 -0.28128843731103886
1607 -0.2102608610673453
1608 -0.10776224418923694
1609 -0.04154532877395486
1610 0.1045966102083842
1611 -0.032052741078237156
1612 0.04136070781420113
1613 0.08679441813286284
1614 0.01415030363603801
1615 0.017182979765388885
1616 -0.06118395761074243
1617 -0.04752052973116424
1618 0.03316502117577084
1619 -0.006437360384827749
1620 0.005749216479111786
1621 0.0010173155054733832
1622 -0.04769627867221079
1623 -0.1253666424907944
1624 -0.1517869297904237
1625 0.010418288877597028
1626 0.06059559739993329
1627 0.032271475117974936
1628 0.013854945829061584
1629 0.1282050021937469
1630 0.03638911168867235
1631 -0.05201262752574639
1632 -0.0010369478130111895
1633 -0.039950435044081765
1634 -0.021217869885267825
1635 0.04303708505973173
1636 0.005842635750079629
1637 -0.02692854267956154
1638 -0.033351975398593546
1639 -0.09643574464461399
1640 -0.16904913671509367
1641 -0.7051249651952869
1642 -0.6826703481468055
1643 -0.44614713564236824
1644 -0.23011289571876678
1645 -0.24590086729044988
1646 -0.08610705737787858
1647 0.04574012944875431
1648 0.12481804578892233
1649 -0.005984654714088898
1650 0.05314041753389102
1651 0.1509603814618661
1652 0.1409627649036427
1653 0.14987466031750254
1654 0.05459854069375506
1655 0.11126362385483371
1656 0.17330154969358527
1657 0.09226858361928161
1658 0.19262691788294187
1659 0.06065790591095247
1660 -0.029123174580879728
1661 0.05374201455738085
1662 -0.03697143793998766
1663 0.0062863344053969775
1664 0.011983932112466213
1665 -0.06390795765320509
1666 0.010106279511669349
1667 0.05101309386004441
1668 -0.05125798683422108
1669 0.0456916696250094
1670 0.06234081318843646
1671 0.054147946236023294
1672 0.04585945986861798
1673 -0.13187372458116006
1674 -0.320520434703317
1675 -0.4187694631124738
1676 -0.29531312195591924
1677 -0.0765608110669884
1678 -0.08749061087006813
1679 -0.14575236705717562
1680 -0.19424899446544505
1681 -0.08187980146299442
1682 -0.0939594653297515
1683 -0.03194243778533764
1684 -0.07243347172174272
1685 -0.037492703223895384
1686 -0.09973810818802595
1687 -0.028488781693559027
1688 0.018452727329199482
1689 0.07307417294107135
1690 -0.12640172742594832
1691 -0.06780260967200566
1692 -0.01877618226546037
1693 -0.07187917806935748
1694 -0.32864981133859844
1695 -0.556357904011568
1696 -0.7657194464962256
1697 -0.5812843329047066
1698 -0.4405949108836377
1699 -0.235658115372237
1700 -0.18496934468156742
1701 -0.11219023045929608
1702 -0.11868217304048831
1703 -0.09632885367778063
1704 -0.13951947469626266
1705 -0.17351154126804677
1706 0.009804700841025173
1707 -0.033062233794501204
1708 -0.014495543988393998
1709 0.016452337833422738
1710 0.020848666845674692
1711 0.027974041041384047
1712 0.09250456626672057
1713 -0.003615010992055155
1714 -0.028421524832301835
1715 -0.028485357294234924
1716 0.005452767390531611
1717 -0.006020913765771817
1718 -0.01775680915436869
1719 -0.016551376366399105
1720 -0.09570437856398503
1721 0.008520806542103222
1722 -0.03548287429474858
1723 -0.10958923707760523
1724 0.011761368215966107
1725 0.14400618466494033
1726 0.0633656781523744
1727 0.03888740861186516
1728 -0.0173714051050435
1729 0.008932487035858507
1730 0.03144467120172049
1731 0.014558992080774082
1732 0.02945243852060212
1733 -0.06386484669899592
1734 -0.0553187752513988
1735 -0.024150541608653563
1736 0.04034374442125891
1737 -0.09549409704606224
1738 -0.14987884508177804
1739 -0.04931485291938561
1740 -0.10764860049578392
1741 -0.1507723100194109
1742 -0.027572232347997848
1743 -0.008209373033983135
1744 0.025839941813908175
1745 0.10074452046559126
1746 -0.015397047757849301
1747 -0.0995519965930409
1748 0.012426187290893544
1749 0.05181979495450587
1750 0.06180030516447669
1751 -0.010471105944693769
1752 0.14124574892242417
1753 0.06822968663363763
1754 -0.031647954090024265
1755 0.14367655246747726
1756 0.056167172484046936
1757 -0.0800495601791251
1758 0.06522481667736638
1759 0.081366580506435
1760 0.07786927144833025
1761 0.040476177609898335
1762 -0.05601428389001303
1763 0.08349668955288261
1764 0.044514314802777157
1765 -0.03535117612999802
1766 -0.05523517920334161
1767 -0.04302556770669771
1768 -0.04813343621906615
1769 -0.08782519738786296
1770 -0.03590302285049592
1771 -0.0745847705475082
1772 -0.11146446810601238
1773 0.04210179440299026
1774 -0.09657178715240453
1775 -0.11974647779225298
1776 -0.11808161583791407
1777 -0.021724611771665146
1778 0.12774607342886138
1779 -0.06045087854777439
1780 -0.14516720595053376
1781 -0.044354449988750454
1782 -0.044514799416551974
1783 0.10118807968161472
1784 -0.11118469067161205
1785 -0.04624405464408273
1786 -0.06678861478933659
1787 -0.05401789237162365
1788 -0.1443764279982158
1789 -0.11794486831012382
1790 -0.0014104809424590678
1791 -0.03204172133955826
1792 -0.021724955124502864
1793 0.10019035888115904
1794 0.02590772880882678
1795 0.04925331928110136
1796 -0.11996578273373434
1797 -0.06674477353970151
1798 -0.04970037473497332
1799 -0.08224016337071835
1800 -0.05861072073309078
1801 0.021420417586009356
1802 -0.02502445883106038
1803 -0.0637318944983942
1804 0.0007036711379076258
1805 -0.02682923807610923
1806 -0.013158412321152078
1807 0.04975218715765987
1808 -0.09319692575922109
1809 -0.6438441538226041
1810 -0.7385868976909844
1811 -0.5429973729654787
1812 -0.23958011210605965
1813 -0.031053909561867564
1814 -0.21374489328962018
1815 -0.823502858794475
1816 -1.2406544560481532
1817 -1.0552801584838019
1818 -0.751833113218245
1819 -0.381277591286496
1820 -0.2348718023629228
1821 -0.13201705393372795
1822 -0.015141223539492508
1823 0.06432217983877744
1824 0.13936372139586164
1825 0.05563137944450073
1826 0.02780365322929338
1827 -0.039274259822311884
1828 -0.025070229582516
1829 0.003022804334600372
1830 0.04206647799288458
1831 -0.06424495130248961
1832 -0.4567372496508621
1833 -0.3587481850690803
1834 -0.13801015892351207
1835 -0.551614093220044
1836 -0.5654665312331897
1837 -0.338618663669413
1838 -0.2841140446528722
1839 -0.1423055982364669
1840 -0.05121273349162966
1841 0.01070001155489745
1842 0.016433973784566937
1843 0.016908137629011256
1844 -0.005494334030734259
1845 -0.0180795710739314
1846 -0.07019170471027356
1847 -0.019509342353321878
1848 -0.043680924178536494
1849 -0.09393598985405124
1850 0.03895416871035632
1851 0.07395543984137912
1852 0.01509321739366424
1853 -0.09469383127605188
1854 -0.0635662838732198
1855 -0.006047207112876728
1856 -0.03913038790635955
1857 -0.17810800818624803
1858 -0.10111680577488433
1859 -0.0725312081578888
1860 0.0398551827714844
1861 0.03992304683721141
1862 -0.011220406431496209
1863 0.04296803203278369
1864 0.14272171691863814
1865 -0.03730218024838013
1866 0.04887551267672489
1867 0.24288734026124284
1868 0.10051283182697016
1869 0.13309890284694784
1870 0.2157271422854681
1871 0.12764818587516838
1872 0.09281581927809593
1873 0.029795622950254987
1874 0.029468231068515073
1875 0.06881308344379458
1876 0.07574431052882782
1877 0.07904968049866493
1878 0.05079955504988657
1879 -0.05057127394251456
1880 0.12998550072553353
1881 -0.029286149092674983
1882 -0.05250847542139599
1883 -0.01259495745050817
1884 -0.2953623487771235
1885 -0.2838280411575535
1886 -0.20033004490482217
1887 -0.1730282902359956
1888 -0.17858839820620706
1889 -0.13057647436209227
1890 -0.09776987040230797
1891 0.009405551105098588
1892 0.027320605125519072
1893 0.0007347223072518352
1894 0.0029380842766020612
1895 0.04459003426144118
1896 0.0845566425667901
1897 0.0036262379837328843
1898 0.042704895908523034
1899 0.05225094684682045
1900 0.021340398717208976
1901 0.025002060522021842
1902 0.15011531947022586
1903 -0.23620213264688592
1904 -0.16825635768741695
1905 -0.1556318818581328
1906 -0.1574217527806265
1907 0.060469775717374254
1908 0.043702133543158474
1909 0.030554182093292005
1910 0.0804268008073539
1911 0.06709869536104843
1912 -0.0350232433627777
1913 0.002891262026944154
1914 0.055261834920324694
1915 0.11403271707377807
1916 0.05211214274681634
1917 0.1409665602527728
1918 0.14264370232280935
1919 0.13417973068562541
1920 0.1358192796884712
1921 0.09746741384987881
1922 0.1552092579557414
1923 0.11048040786733718
1924 0.0991713800699561
1925 0.09563786762272211
1926 0.1995350953757882
1927 0.29686882563903266
1928 0.1762861075351996
1929 0.25968620679862836
1930 0.3164478432569329
1931 0.2865581009488754
1932 0.23205959562546677
1933 0.20527427465919781
1934 0.3025289639769629
1935 0.36279672119617074
1936 0.28405057589805877
1937 0.30833088829900573
1938 0.4263336843840851
1939 0.3664102824326481
1940 0.43498272701396884
1941 0.36519360180711585
1942 0.44461292793261903
1943 0.29802504866234797
1944 0.28523892624560615
1945 0.42752861765121436
1946 0.4714311332159103
1947 0.3678826536660243
1948 0.3809076733732671
1949 0.3867385308451024
1950 0.3932362973016073
1951 0.44214996664357825
1952 0.3929529813116322
1953 0.39420506260985105
1954 0.41549620292739503
1955 0.47328663962094636
1956 0.37948027607235174
1957 0.4023410972581108
1958 0.4441743303992301
1959 0.5357170157728408
1960 0.39901498904044713
1961 0.4140993129493698
1962 0.44291981546661857
1963 0.29661606122648193
1964 0.25256416316444513
1965 0.3065595353108482
1966 0.2525904434965672
1967 0.2607818632305428
1968 0.40876737162495586
1969 0.4976941341618702
1970 0.504399049322851
1971 0.5189459076863816
1972 0.5933175674291054
1973 0.6230340921442892
1974 0.5724405218739523
1975 0.6045357183122153
1976 0.605077765552787
1977 0.6077594026124391
1978 0.6828330267844738
1979 0.6383324561250081
1980 0.7905649530012031
1981 0.7432767206362403
1982 0.7281872896928778
1983 0.5949817315216794
1984 0.6570690361973082
1985 0.7320541962485638
1986 0.7127512857713985
1987 0.8657599875555864
1988 0.9482839149437812
1989 0.906654321802316
1990 0.9133902082869643
1991 0.8402247142722192
1992 0.6769790142776717
1993 0.766791049547928
1994 0.9200583079651867
1995 1.0318893069916246
1996 1.0887097066033764
1997 1.0210937877117292
1998 1.0036618461882743
1999 1.1954179910878882
