850 0.1991365331072643
851 0.2863989640194404
852 0.1880013048789806
853 0.09802400592394633
854 -0.0033646174318846533
855 0.039548054843237423
856 0.035679042260255756
857 0.17059651370880147
858 0.4055879534950577
859 0.36541030788839635
860 -0.08201178741467174
861 -0.14581566356253006
862 -0.03100115549699467
863 0.1312701554203386
864 0.012016591302653978
865 0.10754695652229884
866 0.3683642775951057
867 0.33989281002618554
868 -0.01161784078118444
869 -0.11300813548399447
870 0.0933299989084162
871 0.2488510020019703
872 0.19696414381104432
873 0.07215159772840707
874 0.08792450405184127
875 0.3329871814422063
876 0.24399973951358334
877 0.08920189673267487
878 0.023378943497903037
879 0.12757623295709664
880 0.2622953731098505
881 0.25176428805082196
882 0.15017551093910697
883 0.01917278601030148
884 0.03233889889986585
885 -0.0941751566633684
886 0.12213890401284289
887 0.2884880578520779
888 0.05312210443753429
889 -0.0889895818654054
890 0.08847909459819903
891 0.11904808734567496
892 -0.05134060629148962
893 -0.04314607327444264
894 0.046359876447809256
895 0.19688116053714566
896 0.18795977086654148
897 0.20164381802686648
898 0.07173948306871125
899 -0.024935723598957793
900 -0.08170226085417198
901 -0.02668472933544308
902 -0.03215896856073641
903 -0.05970086691166898
904 -0.12308585095081526
905 -0.10051069111551669
906 -0.012187349093323974
907 0.06269335410377153
908 0.154797057525343
909 0.18793072944924916
910 0.15327497558007508
911 0.14092064447186203
912 0.2254779393323929
913 0.15783851128458082
914 0.10838227217703889
915 0.0220100361140112
916 -0.05642020113225499
917 0.005163626837031643
918 0.18421598176064435
919 0.25111769829425157
920 0.26365003579576296
921 0.19364875846031282
922 0.30164677247176996
923 0.30424682328452946
924 0.10666234203029035
925 -0.05720169009413212
926 -0.040884136955071426
927 0.11187573640688697
928 0.17170758408622078
929 0.12350515728240907
930 0.08376251048537142
931 0.10623217511573557
932 0.09027629131873027
933 -0.18527451142614382
934 -0.20196552788860345
935 -0.0595511259617183
936 -0.04115900804396233
937 -0.29184063222811574
938 -0.18723922928711545
939 0.058180849599978046
940 0.16266684158864564
941 0.06848566899964226
942 -0.1575652474865592
943 -0.14286690729034035
944 0.05417843034774705
945 0.1385961908695208
946 0.006126096539844639
947 0.0120106671575968
948 -0.04996947371694205
949 0.06996894003236775
950 0.2625735852118396
951 0.07370736419449031
952 -0.14108237519809563
953 -0.15371470050871494
954 -0.1511940267994305
955 -0.15931705498371684
956 -0.13970091489534298
957 0.02866607614635086
958 0.24322771831145928
959 0.3194936291078534
960 0.08080939793546804
961 -0.10812588594569661
962 -0.03659637061792864
963 0.25049973474591525
964 0.16326939708261534
965 -0.025691852678733085
966 -0.25746411134315395
967 -0.2244232443455303
968 -0.16736060249144202
969 0.15496977916097876
970 0.3191942592986834
971 0.28867984417451
972 0.05578597197313684
973 0.085730680479287
974 0.241859653499489
975 0.03657872511695359
976 -0.008239843240744449
977 -0.010386512098932599
978 0.0700856093708353
979 -0.012266293843822496
980 0.017091627738579973
981 0.07890576378724745
982 0.02651586505874093
983 0.2021643961380164
984 0.25810199796262623
985 0.10313760672772787
986 0.03989249660457972
987 0.05201445440508223
988 0.100663926660161
989 0.3974926635916063
990 0.20267921798574662
991 -0.18374002613927587
992 -0.1719127220376322
993 -0.10509880914236192
994 -0.018751129160762048
995 0.08424181076003379
996 0.146764813575885
997 0.09305784128508776
998 0.03705946723141551
999 0.15144389897767496
1000 0.10503248470467952
1001 -0.11856944657898794
1002 -0.08739830023364448
1003 0.01238227266787817
1004 0.00037871837201919334
1005 0.2261108027741443
1006 0.14674010080096878
1007 -0.12537814058572394
1008 -0.19654482862978284
1009 -0.1165709549065923
1010 0.033781248069544745
1011 0.05928517791591048
1012 0.09994597271901284
1013 0.16251781799741138
1014 0.1301610133660347
1015 0.14218020510077167
1016 0.21743331516341868
1017 0.2516540267882874
1018 0.23855035020875448
1019 0.1100785025292339
1020 0.02715890306245683
1021 -0.016643130220813873
1022 -0.05634126097658054
1023 0.01403197705826642
1024 0.17229128610739508
1025 0.2766434869552654
1026 0.07854338080500156
1027 -0.008486288520600738
1028 0.10244520837920845
1029 0.07737056717331825
1030 0.03025833731999228
1031 0.10820218308282392
1032 0.15762892077964352
1033 0.15260049534185782
1034 0.1268826178759923
1035 -0.03294031971785216
1036 0.2430747678177454
1037 0.2122768938070294
1038 -0.007677925036830402
1039 -0.07767970971269733
1040 -0.0333704093498568
1041 0.05196289836771939
1042 0.051008369868043246
1043 0.21007542105377297
1044 0.09020704666465917
1045 0.11376055541722963
1046 0.04291049700083249
1047 0.00570856398860542
1048 0.057400211226820375
1049 0.03713447393994329
1050 0.02525244984821029
1051 -0.012379103959460735
1052 0.1814483263304396
1053 0.28434236178463834
1054 0.20272012693254737
1055 0.2297442127231193
1056 0.15438698226330416
1057 -0.12811243544717854
1058 0.025151051102909605
1059 0.16656576998059336
1060 0.09755403572199839
1061 0.08357794052130885
1062 0.20711141263194577
1063 0.22604651889599836
1064 0.025677781208969463
1065 0.03782469032597646
1066 0.06882923137214902
1067 0.22407036467961916
1068 0.5188523385150461
1069 0.1847437952379778
1070 -0.006942867202440084
1071 0.0011478024038638068
1072 0.1925002416472239
1073 0.4206460451378575
1074 0.15564979232902942
1075 -0.08544660349610922
1076 0.02234103276367705
1077 0.19704306469833455
1078 0.29069803502301284
1079 0.2671175912903436
1080 0.18381060424343332
1081 -0.058382118448776055
1082 -0.01269900573220184
1083 0.38465307673556026
1084 0.5299336411670197
1085 0.2927647469113026
1086 0.09224873621303686
1087 0.349928485940211
1088 0.47869900567985724
1089 0.37082989678401646
1090 0.013136717981751644
1091 0.054686294612338315
1092 0.13872817156931205
1093 0.13479538173390893
1094 -0.06872721346735489
1095 -0.04929992684651552
1096 0.18341379333281793
1097 0.25964413543516685
1098 0.08355664053379996
1099 0.19512299103541864
1100 0.26732932128993525
1101 0.04096256525969011
1102 0.13765893974533583
1103 0.3506185622881617
1104 0.2767850486850989
1105 -0.030571872045641157
1106 -0.0708286772687643
1107 0.05925828471220029
1108 0.05837206963963126
1109 0.2639613003495356
1110 0.2404286729465639
1111 0.11300502971840842
1112 -0.04378488805866709
1113 -0.08463799490476731
1114 0.078210749182972
1115 0.35839773834891275
1116 0.25115219403926403
1117 0.030287895996821135
1118 0.06996724337363958
1119 -0.047448510966717095
1120 -0.1562378118835568
1121 -0.034065352119625913
1122 0.20146025710789672
1123 0.31693218529949263
1124 0.2484648285147273
1125 0.28274763916095935
1126 0.43697685236281814
1127 0.4531013945729683
1128 -0.0033785563240940064
1129 -0.09531576118348539
1130 0.03139974822749991
1131 0.0686707130312243
1132 -0.005478683045453181
1133 0.06313040234618938
1134 0.09550741425255183
1135 0.22054972797894834
1136 0.26222558528593254
1137 0.2864208277343323
1138 0.060073572032820266
1139 0.18493714916149884
1140 0.1928290516222546
1141 0.23121698447101835
1142 0.22447655435712477
1143 0.16616096012319304
1144 0.19114856024651772
1145 0.3434770440999273
1146 0.3610843348905064
1147 0.09284753686694103
1148 -0.03914314563468224
1149 -0.05577217717268468
1150 0.023318062411703977
1151 0.20467487022762043
1152 0.40609538397427514
1153 0.20499154033933564
1154 -0.0007215390569967894
1155 0.07824173913212462
1156 0.1384706136281011
1157 0.23595219704520787
1158 0.22063276032804424
1159 0.006803207474035844
1160 -0.030853525376244306
1161 -0.053667750080933274
1162 0.08467923943516098
1163 0.18162228500688116
1164 0.22191586382979267
1165 0.40630279196511765
1166 0.13361086378603204
1167 -0.012795102996221885
1168 0.12896998648449198
1169 0.24956591944953743
1170 0.25990267121744637
1171 0.2974169751658451
1172 0.10424980428615527
1173 0.2227566441174531
1174 0.18921542603510488
1175 0.08650276519523459
1176 -0.10446768689746477
1177 -0.104406430710128
1178 0.14907936610671868
1179 0.0487806935919366
1180 -0.02553822503767833
1181 -0.013907116601160396
1182 0.10152393141078164
1183 0.12632277335944764
1184 0.20729772865024643
1185 0.12728195137896137
1186 0.13359729113415142
1187 0.2371922654475611
1188 0.18406074608776635
1189 -0.03016021905261823
1190 0.07384971573981147
1191 0.3095078244699607
1192 0.20674124213297773
1193 -0.12229455198371397
1194 -0.27234704956362066
1195 -0.07607259254160681
1196 0.1419821001407513
1197 0.11468596599354441
1198 -0.037690817712871194
1199 0.0544978570864032
1200 0.13380918377947637
1201 -0.021959380750615765
1202 0.07167254065370798
1203 0.0947469020150038
1204 0.11832854988358577
1205 0.22909807708430208
1206 0.1431325312120748
1207 0.06331489784423638
1208 0.02630630888717178
1209 0.018608077890007735
1210 0.18927214436928352
1211 0.25112057965338863
1212 0.29687170063675694
1213 -0.14872163429492957
1214 -0.14336287195209252
1215 0.06782489680171011
1216 -0.14631102310067945
1217 -0.1244368870670769
1218 0.05486649550624634
1219 0.33051887133609625
1220 0.2678845133833079
1221 -0.05746310347723238
1222 -0.07533710345984446
1223 -0.19770014965132532
1224 -0.2390421608972133
1225 0.005623159485821816
1226 0.09928744498733977
1227 0.08333367749742138
1228 0.14108290181553684
1229 0.1294347779189593
1230 0.23278339381101887
1231 0.09826665136074553
1232 -0.14624382093859367
1233 -0.07262759010001218
1234 0.02660059880861354
1235 0.009232037489425693
1236 -0.002629017239314635
1237 0.06820862121247728
1238 0.12123658476582477
1239 0.17034361849528068
1240 0.24458973361697645
1241 0.06099212584541647
1242 0.05919534991170394
1243 0.07300796042557067
1244 0.15812735466067807
1245 0.11881995427677339
1246 0.17954397222592888
1247 0.260395316230813
1248 0.15246892043160187
1249 -0.014728955303894509
1250 0.21976133660467667
1251 0.2732444281861035
1252 0.03074838840859684
1253 -0.1790544218439436
1254 -0.03608683411943048
1255 0.01955636950515327
1256 -0.003480707536311911
1257 -0.029261499794813517
1258 -1.0721256730176378
1259 -1.142129262311414
1260 -0.6359650358095905
1261 -0.7761487228590909
1262 -0.6080773984684811
1263 -0.5038535012810144
1264 -0.22229861080381852
1265 -0.2120607296712933
1266 -0.05076805285818864
1267 -0.02270408536475088
1268 -0.09002344107415183
1269 -0.12220342956686636
1270 -0.19317313713236217
1271 -0.18382544586881977
1272 0.08436369715326464
1273 -0.08066135366721028
1274 -0.25846304679276955
1275 -0.49484007484721815
1276 -0.2945520454205166
1277 0.03776698981454274
1278 -0.2150093944017044
1279 -0.3431432328162032
1280 -0.414520780462567
1281 -0.3072677956909047
1282 -0.2572368229142512
1283 -0.10290941440575807
1284 -0.4607852717794003
1285 -0.5021882047452095
1286 -0.31620228452470656
1287 -0.37137387406636435
1288 -0.30816613833201245
1289 -0.20486631424449797
1290 -0.2226345114133892
1291 -0.23690770578986076
1292 -0.03023513667324096
1293 0.05008847822938378
1294 0.05131216376901193
1295 -0.14689746268169301
1296 0.009727709558376318
1297 0.0380612947463419
1298 0.11957832661664725
1299 0.32488373251425173
1300 0.34351765451447136
1301 0.3119238873209724
1302 0.17628322771986404
1303 -0.03770627332164622
1304 -0.2034173649387867
1305 -0.06625716956472161
1306 -0.0006141944491560025
1307 0.12548814926918794
1308 0.0368921989647788
1309 -0.05176356460765419
1310 -0.11891246630767682
1311 -0.039693699637950886
1312 0.0673378334051904
1313 0.08239929692143733
1314 0.12423124508353567
1315 0.28816688819642877
1316 0.08544472982106299
1317 -0.02500096698872767
1318 -0.10311389430449935
1319 -0.14752309293152166
1320 -0.04136089888356764
1321 0.0579006083859781
1322 0.0374147926085584
1323 0.05024149759708507
1324 0.030662755135040243
1325 0.04517689248837087
1326 0.07543293953165175
1327 0.021528740407802616
1328 -0.09212109442205474
1329 -0.2162487655956511
1330 -0.26526289231344435
1331 -0.1703266258742815
1332 -0.10057907075605499
1333 -0.027234801478300597
1334 -0.07979520185330102
1335 0.02215331594146619
1336 0.2542826275869743
1337 0.2024988913250354
1338 0.04004861923186809
1339 0.10174906392870753
1340 0.04106700473994351
1341 -0.28417056867755264
1342 -0.2954961873517732
1343 -0.13994726193021734
1344 -0.0973558682114799
1345 -0.194210657700296
1346 -0.127986549757793
1347 -0.18285948727020696
1348 -0.13227504188176908
1349 0.032962905728084024
1350 0.2819632231041851
1351 0.2278760468772134
1352 -0.09095190985993895
1353 -0.19824259646043174
1354 -0.13787226505291983
1355 0.19674614493442277
1356 0.21588601062046564
1357 0.04151676725382458
1358 0.09346524590858962
1359 0.054385697884072215
1360 0.055139112054177986
1361 0.1641954269987309
1362 0.2915571612966801
1363 0.3160817356491634
1364 -0.17519099616714584
1365 -0.184122555402098
1366 0.03863999012435215
1367 0.24459658894062386
1368 0.1773659213160954
1369 -0.045359996158936156
1370 0.058962849568729325
1371 0.16844941470105823
1372 0.08348395257200991
1373 -0.12066953494746713
1374 -0.13946785223885172
1375 -0.02430802705913493
1376 0.137480016010727
1377 0.11595548770992536
1378 0.1336182126252652
1379 0.12526834824274147
1380 0.13429198556792699
1381 -0.09436633891289148
1382 -0.17908085488920733
1383 -0.1565011991617098
1384 -0.07425239900487668
1385 -0.059107875160918866
1386 0.07912600656038649
1387 0.19038975262674285
1388 0.13024241126140623
1389 -0.06541114404842574
1390 -0.1364918051818904
1391 -0.039199832569750015
1392 0.04426578278616944
1393 0.12857437983092268
1394 0.027282591386381227
1395 -0.15996954814499986
1396 -0.06422865970040448
1397 0.011648774480420343
1398 0.04243089892776197
1399 0.02717785097502201
1400 0.03411683563973611
1401 0.12806952971567398
1402 0.17402291219281096
1403 -0.0029496670018147597
1404 0.0315852831021175
1405 -0.03925031578455673
1406 0.024326458746827484
1407 -0.1531403208294364
1408 -0.19897171031357175
1409 -0.16820644611050284
1410 0.19305877439080632
1411 0.08120189518649568
1412 -0.15108263552031076
1413 -0.05999343948445812
1414 0.021893989601778685
1415 0.09208597449526223
1416 -0.09568955274028212
1417 -0.1317452216349011
1418 -0.22731255312100984
1419 -0.15146832985516312
1420 -0.00839934363739303
1421 -0.05271661569577191
1422 0.03528993045557627
1423 0.012806484616362468
1424 -0.02513892326436462
1425 0.14788769947625724
1426 0.1438980981710074
1427 0.15203520138510385
1428 0.3127396601573196
1429 0.25188762065482706
1430 0.08523473761488276
1431 0.12961627172234103
1432 0.12034015607372339
1433 -0.09217092191329357
1434 -0.1490073254801132
1435 0.0940389443450158
1436 0.1637443709636841
1437 0.18941675919757017
1438 -0.11852091555732613
1439 -0.1530976481807329
1440 -0.0916018832700729
1441 -0.049011876445206326
1442 0.03428422705712819
1443 0.14766478550137663
1444 0.1532021990247472
1445 0.14767376020029133
1446 0.010885595669094528
1447 -0.09547303477694413
1448 -0.008222217517925401
1449 0.12439031576116122
1450 0.34078300467785994
1451 0.3259840524343076
1452 -0.8328404006121559
1453 -1.0444998080452024
1454 -0.7387032771532063
1455 -0.4481308521425831
1456 -0.19714430576595987
1457 -0.2356745870930581
1458 -0.13801762146789542
1459 -0.2606904227840232
1460 -0.2016396825010247
1461 -0.13006566367346295
1462 -0.015904752828021174
1463 -0.15540645952256682
1464 -0.07836086790098307
1465 -0.10956372905786793
1466 -0.02946874717048331
1467 -0.11571526964661416
1468 -0.19563104463679792
1469 -0.09461239302362401
1470 -0.03502119764874578
1471 0.17960806439663202
1472 0.12227977080499386
1473 0.06856416982810742
1474 -0.07315448581857709
1475 -0.07301469123785864
1476 -0.06677738714734005
1477 -0.07072720434388202
1478 0.11048793980637583
1479 0.06908665747960185
1480 0.04772115052327308
1481 0.047258334202524566
1482 0.10191159458241827
1483 0.09068984189019602
1484 0.16055451969083379
1485 0.05473582822548906
1486 0.021719426256026964
1487 -0.0018922260632621146
1488 -0.26167862091682537
1489 -0.2336974850917386
1490 -0.21842930241393788
1491 -0.21373902539016854
1492 -0.1177855640398775
1493 -0.021549551640873688
1494 -0.02464584504866707
1495 -0.11121651519675879
1496 -0.08742179980572473
1497 0.16455273787516944
1498 0.07956685617381254
1499 -0.1995013682046647
1500 -0.14842357547007623
1501 0.023456098353904054
1502 -0.01571545823884435
1503 -0.13872934779885782
1504 -0.07217770524738398
1505 0.10660053270930803
1506 0.25774812723574314
1507 0.058659026090083444
1508 -0.24291965684426486
1509 -0.305743516482039
1510 -0.20290638637186476
1511 -0.18246300476869237
1512 0.010984286047573733
1513 0.04167672888559082
1514 -0.09728844322773966
1515 -0.025355355943645463
1516 0.09660381791155714
1517 0.04474647486495087
1518 0.019487850858240563
1519 -0.04316649991955046
1520 -0.09500704763894419
1521 -0.09645796076847546
1522 -0.11914182616158087
1523 0.04228068414613517
1524 0.08396541621851838
1525 -0.01853274411195116
1526 -0.06936425734841123
1527 -0.06475819111579995
1528 -0.027904669073336663
1529 0.008672434607774449
1530 -0.02537200805613793
1531 -0.04852071240031819
1532 0.038417943795309384
1533 0.1454783302785927
1534 0.13451624143624485
1535 0.08609540922651604
1536 -0.03413704982779109
1537 0.00994406426804062
1538 0.23538303920395265
1539 0.3324419091326831
1540 0.12615370518363989
1541 0.032209203157947286
1542 0.25510434640841595
1543 0.42000793804589875
1544 0.25993286127004467
1545 -0.0885555889352645
1546 -0.13253321325186107
1547 -0.1201310945407954
1548 -0.08023776826826179
1549 0.019531345168047665
1550 0.014297792426361866
1551 -0.05422855467048748
1552 -0.06615270930410588
1553 -0.06434913606847203
1554 -0.13640707324441337
1555 -0.24260930996854313
1556 -0.12705582730546894
1557 -0.021719085218762757
1558 0.03593857533985556
1559 0.03160835010663732
1560 0.022799672560722684
1561 0.02007312935847949
1562 0.02118859271877227
1563 0.044941474389190716
1564 0.1771545358215576
1565 0.2644116484139545
1566 0.1578735438528156
1567 -0.049739581309779624
1568 0.12595560603557487
1569 0.124471234296891
1570 0.056379164877625954
1571 0.02337948020431213
1572 0.06783192615984035
1573 0.026369638535186368
1574 -0.023455175287494967
1575 0.034707056355671284
1576 0.18629219405409003
1577 0.15127691376324037
1578 0.01001717987480788
1579 0.020301210979596362
1580 0.33409832197366995
1581 0.34810350376722
1582 0.15536620813531954
1583 -0.10117529876083609
1584 -0.1928262282609694
1585 0.052474549974078855
1586 0.0847072588542801
1587 -0.18005893148182395
1588 -0.08724132298323184
1589 0.1149210405804979
1590 0.030859587668032873
1591 -0.11513162212685302
1592 -0.09060426145384781
1593 0.062020243265408226
1594 0.09138764382703357
1595 0.009826149891182467
1596 -0.07470088470239489
1597 -0.12451643194123108
1598 0.029537645735842943
1599 0.030463144320663105
1600 -0.6298318337200044
1601 -0.6526073275045405
1602 -0.280393409081114
1603 -0.29232603800153356
1604 -0.2982796951799287
1605 -0.2774943497648792
1606 -0.19454140350433136
1607 -0.012692147937912068
1608 -0.02184565448288822
1609 -0.0778863291920402
1610 -0.14075959495841062
1611 -0.17301257140292137
1612 -0.07793391269399308
1613 0.02644160268619089
1614 -0.07836467265030933
1615 -0.11595802525300769
1616 -0.03508205826346966
1617 0.03685380876009958
1618 0.08618875771850298
1619 0.026311837426590046
1620 -0.19926317910278613
1621 -0.30407701263425224
1622 -0.2847753323070492
1623 0.027023207445665776
1624 0.1557431075424347
1625 -0.029190776448672295
1626 -0.051139197643635725
1627 -0.18442421368672512
1628 -0.08734516609297316
1629 -0.028659073696530868
1630 -0.08818215251540096
1631 -0.12044968467535
1632 0.07282567890268865
1633 0.13167520796099552
1634 0.10073062282896217
1635 0.2009526399507422
1636 0.04834979136523998
1637 0.12760474762410468
1638 0.1685565229944359
1639 0.08985743861347828
1640 -0.21272855269904767
1641 -0.6729525952981703
1642 -0.3570422510809408
1643 -0.33586002703594886
1644 -0.4095000220468137
1645 -0.07484821061672164
1646 0.03431007567451161
1647 0.0014882865780805332
1648 -0.19907978197215925
1649 -0.26220310657561186
1650 -0.04946909360120344
1651 -0.13090902756107425
1652 -0.1441216448129694
1653 -0.1322042031554247
1654 -0.07810776326886071
1655 -0.0067785507009148205
1656 -0.005333461082898339
1657 -0.21049962076659767
1658 -0.2135157244725292
1659 0.01875022293438633
1660 0.12991119372276216
1661 0.3599165142358629
1662 0.12390517685565783
1663 -0.25034182564553475
1664 -0.3499047037067271
1665 -0.2952288089784929
1666 -0.21415880731439074
1667 -0.12234681941976078
1668 0.0745090633511154
1669 0.054960920801136126
1670 0.0033046363524817934
1671 -0.060267120833202625
1672 0.15421714485734128
1673 0.045638605683336664
1674 -0.22047212069429634
1675 -0.16953469533393672
1676 -0.06807628274850686
1677 -0.018279519172267555
1678 0.029097916106820776
1679 -0.09088290501938445
1680 -0.17454662574937174
1681 -0.22194768250790275
1682 -0.08554949932698719
1683 -0.05470628582344261
1684 -0.24970941356895082
1685 -0.2235319330143284
1686 -0.2379654716762616
1687 -0.10038247029314107
1688 -0.23545804849760543
1689 -0.18990006304369444
1690 -0.09267801775501994
1691 -0.024175524042846064
1692 -0.07781683521022842
1693 -0.2523762654328152
1694 -0.13348391686315608
1695 0.05097996154927387
1696 -0.03932271536478993
1697 -0.2447290466642471
1698 -0.21337645833858687
1699 -0.11280984417737727
1700 -0.00252026017881235
1701 -0.0460764795019486
1702 -0.05836421400869085
1703 -0.043379397067269565
1704 -0.09320894346711839
1705 0.04629664249517873
1706 -0.01979807321924909
1707 -0.2261216384118825
1708 -0.30205082834868335
1709 -0.2811158865868606
1710 -0.326904888740728
1711 -0.25153683867438303
1712 0.18605795192291907
1713 0.028391915600366247
1714 -0.3441739258851726
1715 -0.2866384866225644
1716 -0.0697176224060172
1717 -0.03492295069793272
1718 -0.2013777319373844
1719 -0.3093036140434151
1720 -0.1737401614435612
1721 -0.05302671905570833
1722 -0.09862622792701359
1723 -0.12180190151457282
1724 -0.061895075198606264
1725 -0.19558104283981947
1726 -0.0881265401982887
1727 0.04094110858648037
1728 0.12861636548041133
1729 0.08871889080990059
1730 -0.2473313079388504
1731 -0.13035290349199613
1732 -0.07073642478104603
1733 -0.12712030580803457
1734 -0.14961183304222914
1735 -0.016776912715499748
1736 -0.12825334963235946
1737 -0.26365881485969567
1738 -0.22914293443704992
1739 -0.043094005245677636
1740 0.24514366388694953
1741 0.03634155325676147
1742 -0.19554942998331626
1743 -0.12442152801963857
1744 -0.03146828420614156
1745 -0.10239261151798473
1746 -0.04539162038827271
1747 0.025508484867884818
1748 -0.11240592265329497
1749 -0.3284212543192666
1750 -0.3268365109225897
1751 -0.3735795604264922
1752 -0.2544233210142579
1753 -0.11624904832564198
1754 -0.08766174848142327
1755 0.06712578497462118
1756 -0.019515670615078307
1757 0.21010793236547443
1758 0.08270537377779874
1759 -0.1650305339150009
1760 -0.20855152717723513
1761 -0.09102778622246888
1762 -0.42190324345205
1763 -0.339756318133027
1764 -0.19812730036017
1765 -0.20706846139376012
1766 -0.21126533907897738
1767 -0.04995769541096706
1768 0.04623397329538648
1769 -0.10102573010937022
1770 -0.234009536741155
1771 -0.06191394072504863
1772 -0.21795175172235304
1773 -0.14930249111858984
1774 -0.01877543694678252
1775 -0.09081071183339873
1776 -0.16575597189773816
1777 -0.12785966754870515
1778 -0.022419174416370424
1779 0.09670997456800023
1780 0.1151315905153183
1781 0.0523822544507766
1782 0.039470124951549224
1783 0.036125244012112034
1784 0.05016461232372649
1785 0.12881102914201392
1786 0.027923952966943943
1787 -0.15962790811107652
1788 -0.19113456626013203
1789 -0.20038966639157252
1790 -0.09564178318720451
1791 -0.05960501629522241
1792 -0.03791079429453248
1793 -0.05326127793125579
1794 -0.06279974861138271
1795 -0.07513547556089861
1796 -0.09718818555052167
1797 -0.15438300036521468
1798 -0.17239142815208197
1799 -0.017378223681532745
1800 -0.01650307111310667
1801 0.011500664389018311
1802 -0.024218626819845213
1803 0.06744554934755342
1804 -0.015350240001168913
1805 0.13340853747473602
1806 0.03174451970210157
1807 -0.027794548373606176
1808 0.0418845878196521
1809 -0.18827532044628015
1810 -0.1186006141513758
1811 0.015306728570351424
1812 -0.12380633259692786
1813 -0.16211833395823305
1814 -0.08531860661321389
1815 -0.5935045026357102
1816 -0.5001011277420275
1817 -0.3082345825779953
1818 -0.4625573191498802
1819 -0.4092292141263556
1820 -0.21783195283524037
1821 -0.14691581374643192
1822 0.006120211503912287
1823 -0.08757038393605399
1824 -0.11196337293995384
1825 -0.09336528688334056
1826 0.12793208958146352
1827 0.17171549059372637
1828 -0.08335636611951713
1829 -0.05416989321992105
1830 0.000476844267211618
1831 -0.13961103839392308
1832 0.021946196224575942
1833 0.1596756623387705
1834 0.12978785794842906
1835 -0.330016597037627
1836 -0.17441092072732545
1837 0.1515785227149422
1838 0.012789643952203278
1839 -0.1862587410996639
1840 -0.16947877443158177
1841 0.12534172826792656
1842 0.10295716638700014
1843 -0.10011185546750312
1844 -0.14887740479179
1845 -0.014806473079261195
1846 0.07613334882324807
1847 0.006942980353528583
1848 0.06346756573117318
1849 0.09923003254675677
1850 0.2604761673939038
1851 0.13751573428794472
1852 -0.04409101396100823
1853 -0.03997840980497358
1854 0.007226846869968995
1855 0.13316417282607063
1856 0.03137107009757756
1857 -0.20099636060609782
1858 -0.06500447282314781
1859 0.17212052896263685
1860 0.18246924544843068
1861 -0.08026352508278478
1862 -0.08183864614949243
1863 -0.1236811291408344
1864 -0.1498385880519777
1865 -0.17808805895174373
1866 -0.05253574052977683
1867 0.33602351892773186
1868 0.19755063381506943
1869 -0.05027070945715195
1870 -0.13868459273572853
1871 0.014345049854455283
1872 -0.05460338179022983
1873 0.05574991729508838
1874 -0.008538605200783422
1875 0.021755085963206966
1876 -0.02106498184684824
1877 0.11914709389026257
1878 0.38474059575258934
1879 0.27660486027650677
1880 -0.03309152452959552
1881 -0.1748475918030863
1882 -0.21797455806745347
1883 -0.06917585251113678
1884 -0.19342608648037185
1885 0.03953174800068382
1886 -0.058295222202275454
1887 -0.14176967434735843
1888 -0.023542625796096672
1889 0.15586978651515437
1890 0.05794000762125506
1891 -0.14270858151070343
1892 -0.1669670650276771
1893 -0.19276583851944906
1894 -0.0763153958777707
1895 -0.03123574506616933
1896 -0.03823171013652882
1897 -0.0120195532064713
1898 0.12359212060499658
1899 0.1030771757320963
1900 0.05157388107716088
1901 0.15486879037740664
1902 -0.029236430516675682
1903 -0.13584803310794769
1904 -0.1079069988061292
1905 -0.0890456731174254
1906 0.038089698939757
1907 0.06638470511325067
1908 0.08867986067627953
1909 0.012577216194358698
1910 0.02833405367573505
1911 -0.03003554062479452
1912 -0.09173428159948571
1913 -0.11181350148666525
1914 -0.17716276315371715
1915 0.02631580318421811
1916 0.14205192779866138
1917 0.006984427087388667
1918 -0.10031250924549795
1919 0.07531924704562698
1920 0.018415857832110305
1921 -0.1035744094566553
1922 0.06471434246162744
1923 0.22545189912733576
1924 0.14694435637568404
1925 0.06137639670527051
1926 0.10524770738265943
1927 0.15461122882317113
1928 0.11592784724825833
1929 -0.03230206063113883
1930 0.15961430212342975
1931 0.24380365870950982
1932 0.11210653660032222
1933 -0.18023596717659984
1934 -0.10552364679602988
1935 0.09592505946272922
1936 0.13655533282320675
1937 0.2185417910739602
1938 0.3487434764925865
1939 0.20689153380465086
1940 -0.04706283184134463
1941 -0.02707266132154018
1942 -0.012226347890361922
1943 -0.014771412791446892
1944 0.024561114337416257
1945 0.006273754432015721
1946 0.03025198264509754
1947 0.10383738220639316
1948 0.2443780204137056
1949 0.35891834746746554
1950 0.14414182587444202
1951 -0.0018289371266178023
1952 0.034175772390312886
1953 0.21153811117073928
1954 -0.014292118625803596
1955 -0.020050941878707818
1956 0.14055290922931363
1957 0.13956266841887555
1958 0.14776767059265694
1959 0.1925677840142157
1960 0.06587005141807367
1961 -0.04554249392526799
1962 0.059737489827170975
1963 0.011709760065400587
1964 -0.07735572835514404
1965 0.042530468736288185
1966 0.07716120661547166
1967 0.0473112348084328
1968 0.029180517976271858
1969 0.1542411341520733
1970 0.10201925261009137
1971 0.15446921704415217
1972 0.24594837427900984
1973 0.2927792262112803
1974 0.275336209113334
1975 0.12395682961317789
1976 0.20590135979063007
1977 0.1680578421538712
1978 0.17807498800641497
1979 0.27228034192182804
1980 0.2664053581942767
1981 0.21586834832635304
1982 0.14110612652052623
1983 0.034249838051721326
1984 0.1313473337271489
1985 0.1586040200776324
1986 0.2983531809247779
1987 0.3706827672336317
1988 0.347785498840949
1989 0.5603610340795058
1990 0.4327600132713201
1991 0.007813859884890917
1992 -0.16402112367785548
1993 0.09182330663929861
1994 0.2870285537939594
1995 0.5069269211979872
1996 0.5026641365525961
1997 0.3201034943132868
1998 0.47311666126370255
1999 0.4858179634060775
2000 0.4470414739836315
2001 0.5557522151792114
2002 0.7225283186781439
2003 0.7187234899246846
2004 0.5504382396691199
