850 0.33160085203394374
851 0.1987024914261042
852 0.07917917252785855
853 0.16665196576491326
854 -0.14892466752621658
855 -0.3170926165374226
856 -0.07362383443097542
857 0.017396652565423665
858 -0.09368429329845185
859 0.023474647294165152
860 0.04787829571398561
861 -0.03678894289902246
862 0.0190399951821405
863 0.0885916343286226
864 0.14088102642386957
865 0.18835607529763365
866 0.025817460167843365
867 0.04640236945374454
868 0.12142727491419691
869 0.06897066059110557
870 -0.07855072251322781
871 -0.01651683631087053
872 0.042109069140224165
873 0.07615210598913791
874 0.17595452851657
875 0.32489319334507627
876 0.22442155381986595
877 0.07778265156184716
878 0.12503284944779125
879 0.36122017177018506
880 0.2697038801100007
881 0.12134997068631037
882 -0.12405969591031862
883 -0.12618416373294394
884 0.08992623223053897
885 0.09240968169467578
886 0.18106536883226454
887 0.016510861673282307
888 0.15162623264285457
889 0.06977177664293777
890 0.13841668682914587
891 0.09967924896187697
892 0.2120282460891758
893 0.07716500987794461
894 -0.138880613661172
895 0.06634444216081192
896 -0.022408400646725113
897 -0.23479539647274805
898 -0.19319936410153105
899 -0.14311901027491558
900 -0.1592479863244307
901 -0.10884377775380472
902 0.056406905848120914
903 -0.055123328066372324
904 0.05094735906305914
905 0.08559939582823972
906 0.14818675199290965
907 -0.015312334279371953
908 0.12159401908508016
909 0.06735641613175858
910 0.1543723138526616
911 0.07798365262198104
912 0.29403432949987973
913 0.13408377916459813
914 0.20015122059953683
915 0.15798606656954917
916 0.10397275479857626
917 0.29275874102847865
918 0.1951382832935451
919 0.07039886122112193
920 0.0774893196917219
921 0.010419191971948294
922 0.13008052326472352
923 0.04120986070518029
924 -0.011233303071719547
925 0.0694540870724154
926 0.2132882663950113
927 0.33228482300495443
928 0.3841936126801784
929 0.23633011915524094
930 0.04011945835355846
931 0.07416845895284041
932 0.05808114149215271
933 0.15609500228794104
934 0.04823081392197537
935 0.1903359077056166
936 0.10134046760094861
937 0.15296382264210706
938 0.04100677997007551
939 0.02738432243461375
940 0.06517735689476467
941 0.12164366205678334
942 0.04583233362518513
943 -0.01483097173496617
944 0.03208242801468941
945 -0.09056106364658945
946 -0.0643730402061351
947 -0.07098805408492126
948 0.2296285497523627
949 0.47742992357109415
950 0.27686341832344397
951 0.061435376200222436
952 0.03477147392840152
953 -0.03426140704817726
954 -0.07004910876111126
955 0.10570075910658261
956 0.10576905128846192
957 0.019538499531734033
958 0.1307983414573073
959 0.08435416936424645
960 0.11200827020940096
961 -0.010009397030273703
962 0.07039189975154159
963 0.05180459669600168
964 -0.026443124453521705
965 0.15245058762121744
966 0.16157925631722492
967 0.14079535566042978
968 0.026318872134766025
969 0.02776210937321366
970 0.08427693109354095
971 -0.40222191235159244
972 -0.3736544881558075
973 -0.1342477640910147
974 0.05442199666850911
975 -0.10789074324975445
976 -0.13592647447478612
977 -0.14450276146760643
978 -0.09532678720165677
979 -0.0942841711224105
980 0.1016008311216865
981 0.0720071512611753
982 0.07110501947209968
983 0.21758383726830743
984 0.1615423697454048
985 -0.02677219340313286
986 -0.0788766772372469
987 -0.08115031500904024
988 -0.00793145584583499
989 -0.038518540019993
990 -0.2062062832849847
991 -0.2114101316932988
992 -0.09055993872772206
993 0.006476883832363001
994 -0.1054264379284291
995 -0.05825748292829758
996 -0.15026944696205646
997 -0.1286735147800755
998 -0.20056456810976897
999 -0.05218867006368555
1000 -0.04371487342552882
1001 -0.10086698415381079
1002 -0.029259056281148332
1003 0.004868963132253157
1004 0.09636329705267599
1005 -0.008132023248265341
1006 -0.1735198536155167
1007 -0.09749583507471016
1008 -0.04285886946053097
1009 -0.13691930454604062
1010 -0.12138536920366505
1011 0.16428517983001711
1012 0.2887993115491554
1013 0.10455566253460802
1014 0.005506716236709508
1015 0.026596317560631633
1016 0.08939995639985909
1017 0.17003420865341923
1018 -0.0855382891400609
1019 -0.1772838254349267
1020 -0.05021742577304167
1021 0.026172819571343098
1022 0.2006502951995799
1023 0.06856468915310643
1024 0.0462330846926875
1025 -0.06147025233394743
1026 0.0795176828414128
1027 -0.016676693292197342
1028 0.03180803937038945
1029 0.19476872788686705
1030 0.052224879289781256
1031 -0.007302338079739457
1032 -0.031069902313220155
1033 -0.1499046134850346
1034 -0.05207606274603904
1035 -0.00020642362136413794
1036 -0.08635700765194088
1037 -0.04928603372860607
1038 0.022492206576771423
1039 0.07796125969980494
1040 0.07298256080792953
1041 -0.24700221244813747
1042 -0.13307845732055057
1043 -0.06000944253196394
1044 -0.18300494684700652
1045 -0.21725886581941722
1046 -0.11114716514953216
1047 -0.23446665192068394
1048 -0.13651318936751977
1049 -0.015304146601408775
1050 -0.029831350898234632
1051 0.09232567549605619
1052 0.16440330347177223
1053 0.0979229578625791
1054 0.13915424748461191
1055 0.1449658955139057
1056 0.002526063491416153
1057 -0.02669741046230456
1058 0.07685034401191615
1059 0.1392984885696933
1060 0.21316293091797434
1061 0.18546756323559066
1062 0.01716283672345753
1063 -0.002718326905608137
1064 0.11792701361895297
1065 -0.007112052806974134
1066 -0.0013128242511015742
1067 0.07464780980905061
1068 0.17457700249258323
1069 0.07303499522129187
1070 -0.04674996952496713
1071 0.06708476172178734
1072 0.08495774337279727
1073 0.10403516006067548
1074 0.12749853181969684
1075 0.16490799899321473
1076 0.10726214094114539
1077 0.06357631298271826
1078 0.29018729246217845
1079 0.4233460466435872
1080 0.21373089594356998
1081 0.2628259721155928
1082 -0.037677768671585454
1083 -0.1774789658059035
1084 0.009960029981414209
1085 0.01723771803148111
1086 0.165080791014816
1087 0.12631532409733381
1088 0.12371151356637711
1089 0.060375670722578434
1090 -0.07450793669011091
1091 -0.02085093819243866
1092 -0.1135832896153488
1093 -0.10048201966100123
1094 0.1759344202781108
1095 0.12074959167750876
1096 -0.07204362308488044
1097 0.029971082238034796
1098 0.04413626104104651
1099 0.09335872941966272
1100 0.06639437589780073
1101 0.11951779353586289
1102 0.008336316271993383
1103 0.3244308080971905
1104 0.1125382673131412
1105 0.1078830075488213
1106 0.0929468582824029
1107 0.14123800737388592
1108 0.31780777669996496
1109 0.23506884955929763
1110 0.04406583118282015
1111 -0.02825674088080632
1112 -0.058275794965823025
1113 0.026587159731889187
1114 -0.0092358622553661
1115 0.09421355789697827
1116 0.16263100688297527
1117 0.21412215150962766
1118 0.2354905865128103
1119 0.315455521628337
1120 0.3730044731465796
1121 0.16131533533058473
1122 0.19559332667296303
1123 0.17403520077965595
1124 0.17709510435201992
1125 0.1727333826390236
1126 0.09284012919079032
1127 0.17960761309154805
1128 0.2290235796150455
1129 0.05486493786054325
1130 0.07849525100681376
1131 0.19019020682247856
1132 0.31887778133841493
1133 0.04154339611903879
1134 0.06684494735321778
1135 0.16379352864072416
1136 0.26992213423432077
1137 0.10530041513641208
1138 0.24079511507505913
1139 0.09901001790990449
1140 0.09105690395159627
1141 0.21175849860338758
1142 0.1838441185329316
1143 0.19028170845609793
1144 0.1959293095771386
1145 0.027372071515003427
1146 0.15258971350215234
1147 0.14184217819246214
1148 0.17098798429236695
1149 0.23702824956058066
1150 0.09703519812580907
1151 0.027265382393238724
1152 0.006766074174379355
1153 -0.047974736132573526
1154 -0.018213422054088824
1155 0.1809513783548482
1156 0.2417908842946872
1157 0.24840475552360886
1158 0.3379986351258708
1159 0.2753423552844083
1160 0.052218279863950556
1161 0.20851136822579974
1162 0.4018595271876393
1163 0.33291332311756605
1164 0.03919429089529558
1165 -0.0362957452892374
1166 -0.033436238075580604
1167 0.0819671314160928
1168 0.11093406031557151
1169 -0.06535363086845791
1170 -0.12245811820940844
1171 -0.14307390355941152
1172 0.0030204752033569093
1173 0.22392949310767563
1174 0.06846599321909252
1175 -0.034776149732294925
1176 -0.047191566125661666
1177 0.13840579829752642
1178 0.23214087255632876
1179 0.22816563112513677
1180 0.09611190870037944
1181 0.019970103583887067
1182 0.03252869521105595
1183 0.17069541556293188
1184 0.09672087963656395
1185 0.06596727915706424
1186 0.015046254903268164
1187 -0.002423299753104402
1188 -0.02137721295235906
1189 0.06845383390793813
1190 0.013221957171083432
1191 0.06727240430177517
1192 0.10057626184959645
1193 -0.019480689217289182
1194 -0.2827167894856757
1195 -0.1954853386165496
1196 -0.1559077608827124
1197 -0.11266928691566136
1198 -0.0836613079871995
1199 -0.05831129795410561
1200 0.07389038540213733
1201 0.0728293287305064
1202 0.1703190581367835
1203 0.0827354980782502
1204 0.027431037758390175
1205 -0.11350873293173436
1206 -0.015069592916859165
1207 0.04886850360179551
1208 -0.12294747666868489
1209 -0.07956598959407302
1210 0.013644743617305721
1211 0.23348087119558159
1212 0.3319219327094629
1213 0.12799463297710645
1214 -0.14134692960385564
1215 0.037785799977427814
1216 0.12276181241321638
1217 0.033832240725416796
1218 -0.0475493586156972
1219 -0.06009740177540834
1220 0.09022328534018698
1221 0.14068471187840714
1222 0.053686004413350474
1223 0.07408901785441913
1224 0.08967021938275366
1225 -0.1288035849469793
1226 -0.034299138476569624
1227 0.06586304903925111
1228 -0.33011272103527745
1229 -0.648614462200328
1230 -0.6767949771497683
1231 -0.599622147682453
1232 -0.42192035668369954
1233 -0.33723910574252614
1234 -0.20193124044664046
1235 -0.06566533639858108
1236 -0.16346581202014931
1237 -0.26857301018947055
1238 -0.12113080652352437
1239 -0.19335076255981676
1240 -0.18244672257651473
1241 -0.10609917634326393
1242 -0.0796317486380076
1243 0.043462666671530314
1244 0.1564409388590775
1245 -0.13772995969674184
1246 -0.2297148994121585
1247 -0.12213198869369535
1248 -0.15218485514873237
1249 -0.1888392082827295
1250 -0.19804954393623575
1251 -0.10579700093586553
1252 -0.03649298354406483
1253 -0.11804196478840367
1254 -0.12746493312579332
1255 0.0435338794224549
1256 0.21017832758371924
1257 -0.3078997598168485
1258 -1.7909820915999148
1259 -1.665155191085887
1260 -1.040502865665701
1261 -0.6101454285047225
1262 -0.5279868528611473
1263 -0.3925613243813473
1264 -0.3739442799900985
1265 -0.1652070582526335
1266 -0.08371164816435339
1267 -0.03257891046047234
1268 0.04549957013932726
1269 -0.04384927561272889
1270 0.015373292768515512
1271 -0.02574490521755024
1272 -0.0863339241916492
1273 -0.26744963677913347
1274 0.011321859368536025
1275 0.21094646378548987
1276 -0.01053025297773047
1277 -0.15123480606712292
1278 -0.19541149754923026
1279 -0.10261734007980294
1280 0.07428898573573406
1281 0.0025645539251399896
1282 -0.14510202472320088
1283 -0.16412522031163235
1284 -0.09616741963816366
1285 -0.14739268592666122
1286 -0.6775639978841923
1287 -0.7832429694120719
1288 -0.5229217644962887
1289 -0.443300726822315
1290 -0.40125661513883415
1291 -0.03586319391314419
1292 -0.08194557020465254
1293 -0.10454671812857441
1294 -0.0033536338819430966
1295 -0.12948492326188443
1296 -0.2182366889056766
1297 -0.17876074996991065
1298 -0.008020208088623804
1299 -0.07474955252070004
1300 -0.21615118574760572
1301 -0.04721765211860429
1302 -0.03975045590442505
1303 -0.04935174761953931
1304 -0.021964938451162652
1305 -0.07508704783072062
1306 -0.02604623920802851
1307 -0.09716256042565874
1308 -0.08502258158233644
1309 -0.01479697192075946
1310 0.03352464346494344
1311 0.15782064341829027
1312 -0.09366489204398931
1313 0.05985379198654073
1314 0.1095497435295556
1315 0.004332723439631536
1316 0.040152053451322445
1317 -0.007169388056013304
1318 -0.11155110643801436
1319 -0.12211457148890759
1320 -0.09819119368688689
1321 0.029890520215815286
1322 -0.15658334688941977
1323 -0.11810972207740633
1324 -0.15868000783774505
1325 -0.10239284353832545
1326 -0.13932753304879952
1327 -0.15590517950420235
1328 -0.06282150771778561
1329 -0.034233488199333806
1330 -0.04469739234161807
1331 0.0020129087580471605
1332 0.07013410727392966
1333 0.05694292664651357
1334 0.07975021852149666
1335 0.001471798875741115
1336 0.01955904259222052
1337 -0.08331045732546727
1338 -0.13331743286482833
1339 -0.03440503751568258
1340 0.07980632723496228
1341 -0.01989589509889811
1342 0.13803436045981243
1343 0.13159264492833245
1344 0.08449301448723645
1345 -0.15540162059579643
1346 -0.170765440128946
1347 -0.27246976777155396
1348 -0.11808350541610935
1349 -0.028568825297384137
1350 -0.020790712948439705
1351 0.06298227040480242
1352 -0.09448859947724486
1353 -0.05491820511167589
1354 0.03954025218354218
1355 0.17958218324639574
1356 0.0750178809136628
1357 -0.01173315678175868
1358 -0.05020261851109353
1359 -0.0721972919802738
1360 -0.07074151046680299
1361 0.01565843701268932
1362 0.2935478538711891
1363 0.13752920866136265
1364 0.02853472720357786
1365 -0.09788683801411935
1366 -0.084183289961004
1367 0.07185532317640764
1368 0.12801556333118924
1369 0.1727601040379909
1370 0.05774238404734433
1371 0.1011696081789637
1372 0.04246670799329877
1373 0.07468016809087885
1374 0.23018719431973977
1375 0.2772837109563966
1376 0.2967475885876638
1377 0.10667775897769616
1378 0.08336038212939911
1379 0.10701440814602847
1380 0.047878390956043404
1381 -0.0442915099416723
1382 0.01736120389352891
1383 -0.036385568862272066
1384 -0.09819998206302216
1385 -0.0776437339985705
1386 -0.07598982060835624
1387 0.1418901455070909
1388 0.20912676089511706
1389 0.098273122622345
1390 0.059780462389198874
1391 0.07036574391759132
1392 -0.025960385169753408
1393 0.021213812694156786
1394 -0.08449250050045976
1395 0.13867000875347912
1396 0.3376472067733971
1397 0.19707400862347413
1398 0.24049342469498924
1399 0.08792683597090445
1400 0.08110342262472159
1401 -0.019098272594476384
1402 -0.015071546327078522
1403 -0.08762095312584961
1404 0.13826744205289287
1405 0.02202093011726447
1406 -0.03663059190455442
1407 0.12151194537756282
1408 -0.014339376236705448
1409 0.0033095905529307856
1410 0.11275156733250924
1411 -0.06531873233865326
1412 -0.09704440033317496
1413 -0.22253884417261816
1414 -0.15824328103997232
1415 -0.14830658561675136
1416 0.018461640066959717
1417 -0.042843234322560875
1418 -0.05447705794227886
1419 -0.06363429161211798
1420 -0.1687516633549535
1421 -0.1178428956368407
1422 0.06043372757665111
1423 0.14372492149738036
1424 -0.029814085375505783
1425 -0.015128476369966393
1426 0.02122017691903011
1427 -0.09445221895435907
1428 0.06634364478941279
1429 0.11454907686294291
1430 0.039575086171510065
1431 0.05006203128527886
1432 -0.03921767955091582
1433 0.07512803419251668
1434 -0.029894405536026625
1435 0.034147694554235386
1436 0.06549906569063069
1437 0.03101569890770861
1438 0.1614096550485442
1439 -0.03488175587420983
1440 -0.051473932125077226
1441 -0.05966750946578259
1442 -0.05637193494061421
1443 0.04862507031890573
1444 -0.11081110566169627
1445 -0.1930188265020547
1446 -0.047967115368464874
1447 -0.1375793271134853
1448 0.030343950190058422
1449 0.15061822825430227
1450 0.03881640151030297
1451 -0.07881664907597496
1452 -0.22421474720971446
1453 -0.18391334239782964
1454 -0.07539302239149492
1455 -0.12686369501125228
1456 -0.6436469874983004
1457 -1.0216299492209373
1458 -0.8663548618814616
1459 -0.6910320392035487
1460 -0.6245243796179238
1461 -0.4011116337648559
1462 -0.23030917260678052
1463 -0.13424966158345342
1464 -0.14385920661834461
1465 -0.19995574640222458
1466 -0.08231516928816518
1467 -0.09349699562523028
1468 -0.1002807194498132
1469 -0.13094152197925268
1470 0.11613088341175626
1471 0.14854093788818545
1472 0.017851910433876128
1473 -0.07729389851044743
1474 -0.15263145902906672
1475 0.12579676498933168
1476 0.20071969519779032
1477 0.2411370720768673
1478 0.24093666291861382
1479 0.12524355059514392
1480 -0.1444398780604388
1481 -0.08916307650974886
1482 -0.12175881523239696
1483 -0.2024850970009311
1484 0.010098017106486168
1485 0.09055783311765708
1486 0.19366402245054815
1487 0.13172642743546703
1488 0.12317314623055609
1489 0.08861397492159995
1490 -0.025969785457675698
1491 -0.06307489399989663
1492 -0.07909782592162173
1493 -0.10346919509419195
1494 0.004989834056402742
1495 0.00848171945648346
1496 0.00023767247574824069
1497 -0.10013174285484183
1498 -0.08348071059066342
1499 -0.07208295111354346
1500 0.008530686954713929
1501 -0.0025665604882192383
1502 0.02599388171955752
1503 0.05611114240906545
1504 0.006016334401522272
1505 0.12281829546458312
1506 0.3066500394252216
1507 0.14564362288808752
1508 -0.05593444159063665
1509 0.0860741303888517
1510 0.11130202875847317
1511 0.15158114647113052
1512 0.1343854887019802
1513 -5.8359552099318535e-05
1514 -0.06760158526577698
1515 -0.08540294235808688
1516 -0.14179702622539025
1517 -0.010819442954129954
1518 0.11363761057918964
1519 0.03636452648828481
1520 0.1347271280236555
1521 -0.021117738122597984
1522 0.04216529199516117
1523 -0.03585036383759643
1524 -0.10078876024647343
1525 0.047424376113156086
1526 0.08887746465927648
1527 0.17630518909862758
1528 0.1217215998386223
1529 0.05388158680517563
1530 0.16330192041726832
1531 0.08253160857839248
1532 0.1160395917858068
1533 0.11189579766272573
1534 0.2527424990078089
1535 0.10065108512247889
1536 0.01482485574194925
1537 0.07663304689219785
1538 0.13741198758839346
1539 0.18385743713628244
1540 0.0036975015528923905
1541 0.05809103281046646
1542 0.15712989219997553
1543 0.10389063148892319
1544 -0.07513643873011233
1545 -0.1115441577616707
1546 -0.03777509646113231
1547 0.0826765636314235
1548 -0.02694312587556169
1549 -0.12700215064239728
1550 0.13994295144914304
1551 0.07571516728125971
1552 -0.06385921365369995
1553 -0.12375116186603918
1554 -0.2476815499395002
1555 -0.08871352211025396
1556 -0.15350031942381293
1557 -0.041473374236716154
1558 -0.03215597162159156
1559 0.24953211247390072
1560 -0.05435358080507058
1561 -0.21999614086496422
1562 -0.029374108482613792
1563 0.01655430505275035
1564 0.042513339308300147
1565 0.02707540542763809
1566 0.07941812043776508
1567 0.00270400057399911
1568 0.12896468804461847
1569 0.25555206166364997
1570 0.0019415524245118831
1571 -0.09875770513014004
1572 -0.028120545301931088
1573 0.05672886434206248
1574 0.13253565890852315
1575 -0.02361713505683838
1576 -0.01713845814265369
1577 0.11280277550014262
1578 0.28489676905701344
1579 0.1280458882417861
1580 -0.03887180799824819
1581 0.11073937887300644
1582 0.06384317639896153
1583 0.08095907383989243
1584 -0.1310596493441949
1585 -0.2812884090076295
1586 -0.1808577638955171
1587 0.0182978096519264
1588 -0.04188359480406234
1589 -0.177338470586335
1590 -0.18523084887152663
1591 -0.12188390896153578
1592 0.03392987001961956
1593 0.12200440127753609
1594 0.005297245373810711
1595 -0.02732828978002999
1596 -0.18300393376262036
1597 -0.10063344668458285
1598 -0.08460952806939304
1599 -0.010311209288147438
1600 -0.3179007939214671
1601 -0.5371932120018528
1602 -0.618755634727961
1603 -0.285743934562106
1604 -0.12992178628962847
1605 -0.13100559604708906
1606 -0.1549849128234655
1607 -0.0036575315808704545
1608 0.006872456745895761
1609 -0.04082063764388977
1610 -0.044648198700656394
1611 0.10453086935063993
1612 -0.019669347722128805
1613 -0.16282252625438787
1614 -0.317966014517026
1615 -0.25495672230567834
1616 0.02653956638357613
1617 0.011103552854478949
1618 -0.152567400376995
1619 -0.07681857812775661
1620 -0.01854885148708263
1621 8.186114661157262e-05
1622 -0.12964654730564007
1623 -0.1209611853947763
1624 -0.12739722408571197
1625 -0.08001702312674297
1626 -0.05487575863242
1627 -0.1823474961281022
1628 -0.12753258264780243
1629 -0.05948158750550192
1630 -0.03302497555023365
1631 -0.02284434319722095
1632 -0.10797230213938747
1633 -0.12331561493385834
1634 0.04297861969502037
1635 0.05376946548528849
1636 -0.07171103842864568
1637 -0.03735780890673368
1638 -0.08499974004342903
1639 -0.13187622620887396
1640 -0.1648798083868428
1641 -0.5887422268529008
1642 -0.5359770735775555
1643 -0.21240152439963822
1644 -0.2919989148898594
1645 -0.3762855429121714
1646 -0.32640788499685414
1647 -0.24793197279319656
1648 -0.17900032253885456
1649 -0.0686943598817038
1650 -0.07540744202748328
1651 0.14214815269031078
1652 0.05288966106530779
1653 -0.15844297719070255
1654 -0.1972749185153475
1655 -0.05660599739258032
1656 0.06388650237988713
1657 -0.08485781192456443
1658 -0.05478565769328725
1659 0.04910978372822683
1660 0.089169977677102
1661 -0.02115211467281597
1662 -0.16621566153730782
1663 -0.1409032810206554
1664 -0.04610626958589137
1665 -0.07974197627629565
1666 -0.04019845531308874
1667 -0.08038364245805951
1668 -0.2611808463420857
1669 0.07530490411704704
1670 0.09000407895689477
1671 -0.033088786811106274
1672 -0.047696897143168826
1673 -0.2741265149271044
1674 -0.4581295245106958
1675 -0.445702268145169
1676 -0.35522586896610164
1677 -0.23549542156501957
1678 -0.14870782423315632
1679 -0.29291405610553056
1680 -0.25022788522545625
1681 -0.12932008795218053
1682 -0.1337735960425448
1683 -0.12884449589915903
1684 -0.20303665436495066
1685 -0.0025745616185872677
1686 0.08416254780473764
1687 0.04130797055768198
1688 -0.10560615765234616
1689 0.0935610290368345
1690 0.07407106481082337
1691 -0.045565834768922286
1692 -0.14247145464560163
1693 -0.11206576957789594
1694 -0.45756566075203864
1695 -0.7101534009341322
1696 -0.9049596166065612
1697 -0.7456347176960776
1698 -0.43204916465765564
1699 -0.27030126318328485
1700 -0.3632921286665578
1701 -0.30117067757078075
1702 -0.3297773772093251
1703 -0.0859108661406367
1704 -0.06779804639040776
1705 0.029287514157715577
1706 -0.09944246736330342
1707 -0.19411467432627205
1708 -0.14467438843195168
1709 -0.04912513731102308
1710 -0.08724553795758538
1711 -0.026260402290233742
1712 -0.10716038332969902
1713 -0.11205942500475885
1714 0.05011175256152001
1715 -0.01416334185694268
1716 0.007367343591340614
1717 -0.015670677702246394
1718 -0.07222267224273082
1719 -0.006855336775629439
1720 -0.0640743082450399
1721 -0.11952587828676542
1722 -0.06878868905579338
1723 -0.0788972214981527
1724 -0.1276598414517025
1725 -0.0691573745233427
1726 0.00742396741122775
1727 -0.04340376832425363
1728 -0.15009005807127096
1729 -0.04875456934894373
1730 -0.03578133708134601
1731 -0.16880050723682416
1732 0.014694904758414395
1733 0.1675171482933706
1734 0.004317646605954906
1735 0.1545200821494177
1736 0.12636389363927947
1737 -0.07074316741733355
1738 0.04529299977093615
1739 -0.12916253189069948
1740 -0.23140977524906248
1741 -0.07955462456402529
1742 -0.05102446884245637
1743 -0.19253757321018838
1744 -0.06669121777912324
1745 -0.033356788773744483
1746 -0.02107224755684456
1747 -0.0926997463283783
1748 0.008766430594960184
1749 0.06216992482484329
1750 0.0949149912501639
1751 0.037696944030926716
1752 -0.02671491170963236
1753 -0.04087906920125306
1754 0.20098491977864796
1755 0.019773720102705283
1756 -0.13324472112043395
1757 -0.07182765224939658
1758 -0.12167565778622702
1759 -0.13525671266216932
1760 -0.07364168127224957
1761 -0.2132584359452494
1762 -0.07919118934376002
1763 -0.09712042852839886
1764 0.06679286742735258
1765 0.033688579189742995
1766 0.22214034844267871
1767 0.31814986429020564
1768 0.19710124349109037
1769 0.09909129239503045
1770 0.11510933195728512
1771 0.04596986758383537
1772 0.051083948820064506
1773 0.09702316194108107
1774 0.01785731916095301
1775 0.20726759131338213
1776 0.15816762576235988
1777 0.1634060899100973
1778 0.010610145427506268
1779 -0.008585894182374432
1780 0.05701825042984865
1781 0.06751567422770677
1782 0.01267662034638306
1783 0.02026850355849774
1784 0.04240515178850046
1785 0.11027593273962566
1786 0.0398276519718479
1787 0.008368781024557848
1788 0.03406783676490477
1789 -0.0014173038425155937
1790 0.004196169933436522
1791 0.2368685264901842
1792 0.142611046873526
1793 0.060696402341704925
1794 0.1295642377709214
1795 0.16245369732371273
1796 0.11633937276138795
1797 0.30856612808150885
1798 0.02349747804095159
1799 -0.22711700119270972
1800 -0.11393347077802218
1801 0.035608385681371146
1802 -0.015668159433914752
1803 -0.029721116779512613
1804 0.08159216813328385
1805 0.14213533408303647
1806 0.06521498896046296
1807 0.06862515286536564
1808 -0.05484245868893822
1809 -0.5441490741210941
1810 -0.5267277401100046
1811 -0.3723799191113244
1812 -0.4146465112227702
1813 -0.3448572649247126
1814 -0.3243985461432999
1815 -0.7829769176940431
1816 -1.6314447946967903
1817 -1.3266167563731983
1818 -0.8805588023047903
1819 -0.631241253756798
1820 -0.5146666966256817
1821 -0.5497068119481128
1822 -0.4371779842458068
1823 -0.2035718662286854
1824 -0.009241187994973643
1825 -0.06743762574177481
1826 -0.04886115289599502
1827 0.10408242810461843
1828 -0.06518062549986325
1829 -0.19575541252254425
1830 0.08236292602043704
1831 0.1489909802135685
1832 -0.2833523170734793
1833 -0.12007942980920916
1834 -0.1642436939273466
1835 -0.46491336828097474
1836 -0.6404149442299172
1837 -0.3772979449316267
1838 -0.2913887968294375
1839 -0.2286170138278294
1840 -0.20365294951420765
1841 -0.14263128639305478
1842 -0.12170098459756673
1843 -0.10234281060758121
1844 0.06752681871182631
1845 0.043952932158674685
1846 -0.010456648622380271
1847 0.02239995057948363
1848 0.2651896987524651
1849 0.10418462222310154
1850 0.03133860064417604
1851 0.020001711885583973
1852 0.059845528576147444
1853 -0.020879527725981006
1854 -0.05466099147838577
1855 0.02469018962977998
1856 -0.143781641942212
1857 -0.1337244643452209
1858 -0.06702651273860738
1859 -0.05118952670136423
1860 -0.15692249220847998
1861 -0.19941250793141307
1862 -0.2972706809682677
1863 -0.18730731415695345
1864 0.08649278622630163
1865 -0.018572004855570867
1866 0.079604557089624
1867 0.019127488677042948
1868 0.011809509994748169
1869 0.15316752393130173
1870 0.043411358962771374
1871 0.06515070708434223
1872 0.04768360244975156
1873 0.07180267670884177
1874 -0.00412882606877929
1875 -0.011228280556110803
1876 0.21558916523758853
1877 0.12562235140018174
1878 0.123588514210212
1879 0.13379820669462106
1880 0.011488615807081715
1881 -0.05195871415264719
1882 0.21936515107773857
1883 0.11198587384529901
1884 -0.26969513105262877
1885 -0.20860335050633694
1886 0.06196314834954819
1887 -0.005400205602541064
1888 -0.07991937380359104
1889 -0.03061015904972919
1890 -0.06939385049849989
1891 -0.06572590411343526
1892 0.040965347372434735
1893 0.01770391035972807
1894 -0.12447817776177317
1895 0.00961938864242029
1896 0.01764978005650164
1897 -0.007304148943148903
1898 0.19371247996616603
1899 0.22810908245196515
1900 0.03390652983171094
1901 0.1693830432266168
1902 0.017517913473113822
1903 -0.08554667062549015
1904 -0.059960345427157336
1905 -0.025737640118279614
1906 -0.1387889942665197
1907 -0.006208770539103625
1908 0.08206100824463647
1909 0.15867367432764468
1910 0.23079716448575027
1911 0.430502732645607
1912 0.024392836337199242
1913 -0.1520029588512557
1914 0.060551869299786176
1915 0.19957774870340472
1916 0.17004946442926894
1917 0.38213334531997134
1918 0.410271896898621
1919 0.43796297630672143
1920 0.33623863935252984
1921 0.25453222701952427
1922 0.32569339662825314
1923 0.21065671753763127
1924 0.16168576895131537
1925 0.2970424240064631
1926 0.3795002965686649
1927 0.44104876896648193
1928 0.4002491104428145
1929 0.30402571469664963
1930 0.45837129313764535
1931 0.39109773871786047
1932 0.49375439768783735
1933 0.5197218945053805
1934 0.33703403846737956
1935 0.35081961677190066
1936 0.47088188967654787
1937 0.3961652666887403
1938 0.3358683746455995
1939 0.5451936266372854
1940 0.39366414744461053
1941 0.38045454319166083
1942 0.42132100739297584
1943 0.34728374366574144
1944 0.5023026901273511
1945 0.4353165725866006
1946 0.380587057445382
1947 0.33602896254177494
1948 0.4409043850769194
1949 0.4743773663249726
1950 0.3842163808743635
1951 0.24714536178584012
1952 0.35416918977955447
1953 0.37649548905483243
1954 0.5234284401209948
1955 0.6790269026150213
1956 0.5415092994111887
1957 0.568617741692492
1958 0.6262616951150335
1959 0.6631966657687371
1960 0.6390794177689827
1961 0.512561079118143
1962 0.528690354577634
1963 0.571504493684813
1964 0.6538286291863074
1965 0.5387626023244252
1966 0.2722317363420643
1967 0.24751017593484903
1968 0.3024852840197809
1969 0.3496287915523908
1970 0.5060947589007014
1971 0.5404413410896041
1972 0.6926751227167642
1973 0.6370080309661716
1974 0.41253947280307557
1975 0.530696494198537
1976 0.5612795865885118
1977 0.6003356239257869
1978 0.6592795287098738
1979 0.5542943267833493
1980 0.8176685735591036
1981 0.8027965787977678
1982 0.6584468455010324
1983 0.6525952395953709
1984 0.6589554827814936
1985 0.6999724908545204
1986 0.6903131735881516
1987 0.9726855362058018
1988 0.9489061040033562
1989 0.8091784438066725
1990 0.7725411489057024
1991 0.773929558167822
1992 0.6261868875340042
1993 0.5035225327446256
1994 0.6535940792519455
1995 0.9092321856522858
1996 0.8753868835065646
1997 1.0426591906590374
1998 1.0513643697343014
1999 0.9062769072426704
2000 0.9535496936945265
2001 0.9226691275654275
2002 1.0135906879415302
2003 1.1836656437398574
2004 1.334438240460031
