850 0.19180302558595486
851 0.4804337925568234
852 0.4600445406014728
853 0.09892874443977462
854 -0.2327107573468652
855 -0.11990168262605039
856 0.23603414341033613
857 0.38396483094857103
858 0.09806165253434074
859 0.10872849675649832
860 0.11769819531400572
861 0.11312966455665219
862 0.17010865733482206
863 0.20704420353422393
864 0.20823750200673885
865 0.46087388935399076
866 0.3380410609300384
867 0.08712742086112257
868 0.06684431120953604
869 0.18083842825961938
870 0.014058470654390476
871 -0.05904485752779465
872 0.15679446853567924
873 0.2703573598499247
874 0.26800648071429123
875 0.3143392245678456
876 0.2717671176616818
877 0.14995121063333272
878 0.03858152926079583
879 0.08507864078177363
880 0.14956042909147982
881 0.2633639082572472
882 0.47211083067281834
883 0.30325121849352854
884 -0.18678346450485606
885 -0.1881046311211776
886 -0.15541181258527104
887 -0.013116987732246344
888 -0.027569321300006777
889 0.014179161664117146
890 0.20858824446384006
891 0.27568153686064534
892 -0.011180369404996782
893 -0.1409607069350045
894 -0.030663054939338963
895 0.26642645218322514
896 0.191410790423447
897 -0.030605657856881407
898 -0.05566490071271346
899 0.0938316097338543
900 0.22865001265489582
901 0.1600964056337375
902 0.028793628935432025
903 0.13755534888554166
904 0.23061587054252186
905 0.06916763169914475
906 0.0503666169086614
907 -0.08342512761373655
908 -0.006327295849416714
909 0.008971372209828132
910 -0.012614393135663704
911 -0.05645536788847494
912 -0.03727482856078268
913 -0.010305533707878567
914 0.15618672881265638
915 0.29564508536145695
916 0.26047698066912517
917 0.16115137969734405
918 0.12999095032375863
919 0.07240828317486603
920 0.0024334248568038674
921 0.12192204961127118
922 0.05949101284295466
923 0.0270105649962602
924 0.20984444386948553
925 0.23103380842337629
926 0.26102638418188917
927 0.16362115627237017
928 0.052934138200612324
929 -0.15263945069614238
930 0.1222334634256299
931 0.36178175506478283
932 0.18022983330297393
933 -0.44431883808579187
934 -0.3460403835238708
935 0.0042166013157611815
936 -0.045032701182492474
937 0.021289374389596105
938 0.05631072177260421
939 0.08212841006866256
940 0.21943503623657534
941 0.2478740311150318
942 0.21217361080175579
943 0.21928211864428704
944 0.33381115577844866
945 0.07513775707519699
946 -0.11362957660713846
947 -0.09995730693913174
948 -0.0846780074618323
949 -0.05738613424915684
950 0.10576819454075803
951 0.20432459371005507
952 0.08867903914551789
953 0.09069082257349237
954 0.12216315290862667
955 0.21415194334605303
956 0.12300644312517761
957 0.03683780006326742
958 0.03310669608737271
959 0.2162605145258567
960 0.1699638838134092
961 -0.03838874670691439
962 -0.11542680914993753
963 -0.10992196590700587
964 -0.023731545992689007
965 0.055598175559850915
966 0.06161173462783154
967 0.07934280231353341
968 0.09439960307258843
969 -0.06184855628691821
970 -0.01136742859603146
971 0.07251832884264786
972 0.17544838842178478
973 0.0945071286803909
974 0.25711657640727026
975 0.08699397886476845
976 -0.1497633564126204
977 -0.1580449576272258
978 0.10659475274638908
979 0.09527599165579659
980 0.08021291451075285
981 0.20122716350243763
982 0.16758173946038823
983 0.13547201238702655
984 0.018282128737780567
985 0.04085215637900319
986 0.0477260268589248
987 0.22444160357099463
988 0.1040871600345099
989 0.05237558653504948
990 -0.09851907553985484
991 -0.2507790732052513
992 -0.11417266181672403
993 0.036719788385653374
994 0.10734141002558317
995 0.23223410421348945
996 0.10648062451917895
997 0.0338997440236426
998 0.23943162471226742
999 0.5116942694967292
1000 0.33119682280084817
1001 -0.23903959001756903
1002 -0.2859384370785847
1003 -0.15470516937409684
1004 -0.08409973578437757
1005 0.022455063630332006
1006 0.24053714855364206
1007 0.3902792215926638
1008 0.09492306981667298
1009 0.05922536475418383
1010 0.037964656707799804
1011 0.06853960252652769
1012 -0.08742304466198902
1013 -0.19753322942341356
1014 -0.019755838319497343
1015 0.04717728261726961
1016 0.12255608109973082
1017 0.19966278279355265
1018 0.1232385957324027
1019 0.002847830797577444
1020 0.044672939083682195
1021 -0.04483666948044629
1022 -0.012333564311575174
1023 0.13619391926766866
1024 0.025821470421703907
1025 0.02633967936941417
1026 0.07455324561959742
1027 0.4318193509957382
1028 0.338058947602633
1029 0.0022009126740840657
1030 -0.14302751747538878
1031 -0.07905087340725458
1032 0.13481640835993858
1033 0.42641013802261796
1034 0.3044489277483535
1035 -0.10113059141519898
1036 -0.0874611266316947
1037 0.06489997420948157
1038 0.37445061298518567
1039 0.277911153194907
1040 0.09754207673245219
1041 -0.1000508344619675
1042 0.04953161014731222
1043 0.23035033143781902
1044 0.24781778456610937
1045 0.1902313407928773
1046 0.08302578904977054
1047 -0.009715776119548991
1048 -0.020396151047975764
1049 0.0230510646877633
1050 0.023992665919081446
1051 0.0722438539883683
1052 0.1498515017298132
1053 0.15233382043709298
1054 0.23127501443013898
1055 0.1513338350041522
1056 0.0586352216225805
1057 0.04860151573689109
1058 -0.01444906032071458
1059 0.170482896499891
1060 0.13042476069756503
1061 0.022047278377328894
1062 0.09222394071468898
1063 0.10246364411881359
1064 0.1501977109485324
1065 0.02605237017581885
1066 0.09681048167840345
1067 0.18925887345449155
1068 0.23086677448776527
1069 0.304333787542987
1070 0.10098101910080004
1071 0.15564144205961838
1072 0.18895935277157605
1073 0.03637253520724926
1074 -0.13116301365903382
1075 -0.056439710266090515
1076 0.050481526253179254
1077 -0.03734028336134543
1078 0.06428959543927704
1079 0.24991848548785356
1080 0.386409377890061
1081 0.14246792681132092
1082 -0.24706188218715397
1083 -0.2010577158578144
1084 0.022344619994100867
1085 0.011083106751868854
1086 0.06308508665364343
1087 0.17633427479711372
1088 0.2049410629688282
1089 0.04011576657893556
1090 -0.08753045538099968
1091 0.030073095843931696
1092 0.15545144663411747
1093 0.1761159240132315
1094 0.04455207834973862
1095 0.019681364985615346
1096 0.12894320586531194
1097 0.037629871461604125
1098 0.03729138477126526
1099 0.13184699664458321
1100 0.12212815471889371
1101 0.22649419031318985
1102 0.23530621376318095
1103 0.22716804795203416
1104 0.14590752851961497
1105 0.24126540194555446
1106 0.09003183285432215
1107 0.25139407654279466
1108 0.10498786722990872
1109 -0.03845419128015237
1110 -0.061770198417946176
1111 0.2425173835876535
1112 0.4028919841232437
1113 0.18521909794679914
1114 -0.0589108617186298
1115 -0.03001593201719288
1116 0.11380967081049675
1117 0.12337065400606662
1118 0.03085292587428512
1119 0.1030566368832524
1120 0.4025698957863142
1121 0.3202298841382003
1122 -0.06684954183458558
1123 0.03409231266914503
1124 0.027065883515092537
1125 0.12889092733013285
1126 0.19179568786023538
1127 0.17310093969769014
1128 0.1946851883750469
1129 0.10133685549669735
1130 0.03023792565096528
1131 0.08209195054013207
1132 -0.027899808372183088
1133 0.03644692395079119
1134 0.12218196000623038
1135 0.257780643510614
1136 0.17345373060356906
1137 0.1997229838657404
1138 0.2823355997497856
1139 0.15476480791693348
1140 0.23247188109041872
1141 0.12543684205365935
1142 0.09197566426553294
1143 0.13708309673580743
1144 0.18376868670230806
1145 0.10669701976013357
1146 0.3703738952027038
1147 0.281037817952722
1148 0.05040523348242232
1149 -0.04134989584753157
1150 0.016330756363004184
1151 0.17079161505915863
1152 0.2763840017439634
1153 0.07361913602534287
1154 -0.11292272838250028
1155 -0.02457485947962823
1156 0.026444478951361816
1157 0.1899188807587393
1158 -0.008983652741449077
1159 -0.028868636398669878
1160 -0.06729742019939522
1161 -0.06684430533903196
1162 -0.027205830247737595
1163 0.11618697883682216
1164 0.3356871798544603
1165 0.24137107045521589
1166 0.05015814824349718
1167 -0.048936417811432875
1168 0.11637237274578638
1169 0.15810010140756958
1170 0.1412966225551031
1171 0.14406144367467277
1172 0.0347536244343587
1173 -0.14890802746191412
1174 0.16488185074661033
1175 0.288387105324432
1176 -0.07627887847422699
1177 -0.35970848103198705
1178 -0.14508080015662017
1179 -0.0494688540739503
1180 0.0059035645751350785
1181 0.1489843084522704
1182 0.11325224335757866
1183 0.27593904314346673
1184 0.2319123159373362
1185 0.10645074049961067
1186 0.21800366374088753
1187 0.26197488468523034
1188 0.09759956216674937
1189 0.0909299022457617
1190 0.16711316097047302
1191 0.24550120799381148
1192 0.32899409692146264
1193 0.2895835214558815
1194 0.23766868085135684
1195 0.18772823802589755
1196 0.1099323381485533
1197 0.07379082148810312
1198 0.1802687440003865
1199 0.21255220342277426
1200 0.08313010434375201
1201 0.1699616775468371
1202 0.1660211789786672
1203 0.11618010743774221
1204 0.06533967977827615
1205 0.3856654367312444
1206 0.354248156386177
1207 0.16907423717333359
1208 0.0013157553399310018
1209 -0.007322099629107015
1210 0.15544891744758615
1211 0.2735364401993934
1212 0.4404339777191808
1213 -0.21422917209844172
1214 -0.33972065574380395
1215 -0.07701805529751482
1216 0.005274478638511937
1217 0.11730973978148995
1218 0.056235558507921724
1219 0.04775871746045368
1220 0.059439378022091205
1221 0.24848065576190947
1222 0.13264993913622902
1223 -0.016372861763102264
1224 0.07690596823283613
1225 0.08649651915601453
1226 0.06123120897393619
1227 0.027715949452556288
1228 0.1525749727290986
1229 0.16883794650243544
1230 0.02014339488459882
1231 -0.08329728904789135
1232 -0.07321910935945652
1233 -0.05938628401133883
1234 -0.128245639989359
1235 -0.010445695169380542
1236 0.16424315446823812
1237 0.15501699581187722
1238 0.11820918485193488
1239 0.009614446853674963
1240 -0.05072683671204459
1241 -0.03192082009479691
1242 0.150018547927516
1243 0.08438003020364704
1244 -0.043032238609384876
1245 -0.1210804946244366
1246 0.0025158493946833005
1247 0.2775570018861231
1248 0.17267270324242645
1249 -0.029720775385101206
1250 0.014557612776002316
1251 0.06309832829577999
1252 0.08075034729876052
1253 0.1302046128089387
1254 0.3914616676547098
1255 0.2196822706532089
1256 -0.01141115566491635
1257 0.0066786863912398076
1258 -0.8862397915142424
1259 -0.9552400561132686
1260 -0.4689279753868618
1261 -0.423991063074709
1262 -0.3485519347080981
1263 -0.2394955253296871
1264 -0.10317220338356492
1265 0.13195975720429942
1266 0.07137027982491873
1267 -0.31868355208752064
1268 -0.465251823433789
1269 -0.2541935121774941
1270 -0.19081332513991356
1271 0.004046001502501895
1272 0.09458594561658629
1273 0.05306692605427088
1274 0.03268016184534872
1275 -0.3223770859960382
1276 -0.08818399773576857
1277 0.03505347982832063
1278 -0.2555876249805351
1279 -0.26405399099735405
1280 -0.2780152554736901
1281 -0.14725616667203667
1282 -0.10663116343391721
1283 -0.16074742363690575
1284 -0.5320742745511211
1285 -0.5720398662120942
1286 -0.2518753398144895
1287 -0.0036993763151258463
1288 -0.028194404056080202
1289 -0.14780303706510267
1290 -0.1338744255764368
1291 -0.11888379399931637
1292 0.06875343266386835
1293 0.24990713433010114
1294 0.09875499390869891
1295 -0.1143406778093663
1296 -0.14633505696258453
1297 -0.060205326501602485
1298 0.16978376773505488
1299 0.1470055070193439
1300 -0.12933090190955454
1301 -0.15258768564217462
1302 -0.14332303677849723
1303 -0.004263116162633196
1304 0.04959570386682799
1305 0.08042285208171052
1306 0.03226944704010748
1307 -0.17812610678430474
1308 -0.14931203414710126
1309 -0.0023766662747561895
1310 0.08774693498941133
1311 0.05093526522949787
1312 -0.06273964965043888
1313 -0.15695052420625188
1314 -0.12808990299913603
1315 -0.16027079819997425
1316 -0.11956617664009173
1317 -0.038101739495289166
1318 0.06900016387834285
1319 0.07525116482935346
1320 0.05764126828728422
1321 -0.061754874112807556
1322 -0.12897193714792365
1323 -0.1491184729218844
1324 -0.021059550479265
1325 0.1540168967995328
1326 0.2442145292080795
1327 0.12214569922025476
1328 -0.19594967011863673
1329 -0.07954715326098949
1330 -0.014911041305651906
1331 -0.050836410791589515
1332 -0.10118457725576491
1333 -0.11734691060308933
1334 0.05703821856707236
1335 0.13524981511739043
1336 0.22272799699271673
1337 0.09902215138652082
1338 -0.028354502551337646
1339 0.11553719138186125
1340 0.2246773914479263
1341 -0.23830489874950445
1342 -0.38451636724113314
1343 -0.09741876581870201
1344 0.06166688311930102
1345 -0.07620766521279165
1346 -0.26211510422768924
1347 -0.3403598956197129
1348 -0.026473733977240954
1349 0.16843748871264097
1350 0.03232208162216921
1351 -0.14979484073944604
1352 0.023139477067843472
1353 0.2204938332419033
1354 0.25724141814242785
1355 -0.10347853692746867
1356 -0.12118349453254496
1357 -0.04394212191465385
1358 0.1103867068742943
1359 0.33580953634947264
1360 0.2676455542379017
1361 -0.11543548561979833
1362 -0.0783990928584899
1363 -0.081028193154566
1364 -0.12193391354406913
1365 -0.027044781531003537
1366 -0.04383461625292284
1367 -0.13339434645217807
1368 -0.1985921786227891
1369 -0.11423925565389936
1370 -0.040048946559011256
1371 0.10718455723912257
1372 -0.0048944845429446104
1373 -0.09067344166550129
1374 -0.08683173424310553
1375 -0.05208940569383458
1376 0.029692147842979466
1377 0.15220449351215848
1378 0.34732167478125575
1379 0.24521906783610348
1380 -0.12365608646825876
1381 -0.11689187835531811
1382 -0.17438646944162883
1383 0.13062064191893796
1384 0.19677835192919702
1385 0.1328103313415454
1386 0.09432662745132347
1387 0.002118268002732293
1388 -0.15989030940971816
1389 -0.05513434837979503
1390 0.057005482837553245
1391 0.07285096352046594
1392 0.18858039730844212
1393 0.36452032588528027
1394 0.3941093507139044
1395 0.1337661415839193
1396 0.02534513663465532
1397 0.09537551855743231
1398 0.035584831857306654
1399 -0.10689637992334156
1400 -0.01758323774561177
1401 0.2502124256064917
1402 0.19078008373077182
1403 0.05189710355432453
1404 -0.04794344371072157
1405 0.008183677122929112
1406 0.08880544885045083
1407 0.17773361588632497
1408 0.102888613305538
1409 -0.07324229653420389
1410 -0.12357873750022463
1411 0.005478433442362984
1412 0.06522942733499804
1413 0.04484125973618802
1414 0.10108978516819889
1415 0.003419730393034115
1416 -0.05724795456063703
1417 -0.19162808577749502
1418 -0.0650143058093704
1419 -0.1276930764925055
1420 -0.19251974625893808
1421 -0.14625678040533785
1422 0.003603940817242801
1423 0.011657379537496126
1424 0.09582485802428664
1425 0.08403711927849145
1426 -0.012356079878941273
1427 -0.23929378988810868
1428 -0.15167057084727276
1429 -0.05489405906570255
1430 0.004943858789602018
1431 0.29782403227540044
1432 0.1356653322859529
1433 -0.049866458084977694
1434 0.15331212764391466
1435 0.1960084979838257
1436 0.06587757504911451
1437 -0.1202004404649415
1438 -0.07212799984847607
1439 -0.06948254697977063
1440 -0.17135586881681775
1441 -0.1129661823074457
1442 -0.130322661571995
1443 -0.03962486391628772
1444 -0.06026680070618795
1445 -0.04697176879477638
1446 -0.01879525794294068
1447 -0.0177590195574453
1448 0.08336497462335046
1449 0.272169533112276
1450 0.16764405838574703
1451 -0.042468254749337575
1452 -0.7424436401124694
1453 -0.7158667073078391
1454 -0.27219982076604765
1455 -0.27809388098245336
1456 -0.43414591225945287
1457 -0.2889395250897451
1458 -0.18029438504657946
1459 -0.33836585797354246
1460 -0.3024636209049163
1461 -0.1528357780701981
1462 -0.10677004695656933
1463 -0.11439963622837013
1464 -0.04325563978767377
1465 0.004431790657292822
1466 -0.09252404519889978
1467 -0.040504105857507966
1468 -0.17549077266158974
1469 -0.15258172204192988
1470 -0.19391177489939082
1471 -0.10302929618723056
1472 -0.10247854402166467
1473 -0.19021804714623158
1474 -0.07421097345508088
1475 -0.2072914508729582
1476 -0.29457686615080547
1477 -0.11539807210851905
1478 -0.06401496817585439
1479 -0.029689085381107816
1480 -0.14384454385736944
1481 0.005207576547888948
1482 0.05778961539738248
1483 0.11230116734486728
1484 0.0153048157125113
1485 0.14894817616089995
1486 0.24004261059201326
1487 0.2202435593777068
1488 0.041879545170786514
1489 -0.0709679113942343
1490 -0.062254637079774966
1491 -0.03382495934226881
1492 -0.03878590671541815
1493 -0.0538919012389556
1494 -0.07982933749372023
1495 0.010497605598459359
1496 0.04452284372388249
1497 0.17696595737584175
1498 0.43598423721431345
1499 0.12641179961133275
1500 -0.03031791844671261
1501 -0.007282680739137959
1502 0.14103285833948576
1503 0.13454392033111162
1504 0.03442094617599878
1505 -0.15219907673088073
1506 0.10240515891695168
1507 0.35474683075716484
1508 0.09920403455799942
1509 -0.199936039111833
1510 -0.242749619956669
1511 -0.07959080028842891
1512 -0.06950209352129377
1513 -0.0007726594910195672
1514 0.10595537351019857
1515 -0.03743591219699738
1516 0.051127306632224645
1517 0.15618176935743122
1518 0.2465786844150557
1519 0.16624603835009566
1520 -0.12146788374980133
1521 -0.14257728656684776
1522 -0.013720527032830887
1523 0.032133226982750784
1524 0.1241992091352131
1525 0.08953079366705197
1526 -0.10622238201841583
1527 -0.061725548067443015
1528 0.04405729771991673
1529 0.09703307981925491
1530 0.23221170896033527
1531 0.3300988797244031
1532 0.1558551783136295
1533 -0.016357121714349887
1534 -0.1684740630717556
1535 0.04482665889594273
1536 0.13581738129710175
1537 0.07786870975905913
1538 -0.013481921224467897
1539 0.004770069441178748
1540 -0.0571208826934253
1541 -0.05404429394695853
1542 -0.11109005109011605
1543 -0.10009962053135268
1544 -0.012043856341165338
1545 -0.014274555505380704
1546 -0.020482630244828215
1547 0.1578944148865844
1548 0.07615519051870479
1549 -0.14479800490983052
1550 -0.21367834684787113
1551 -0.20326105283947982
1552 -0.10966001233913403
1553 0.031166667144248095
1554 0.20179666822173203
1555 0.13792008308018922
1556 0.23788998111552928
1557 0.2855684083912706
1558 -0.13647000570972523
1559 -0.19512313059090047
1560 -0.08412148666513986
1561 -0.0794127929498245
1562 -0.04366407693083829
1563 0.11128468822772675
1564 0.11204667665987245
1565 0.08609229374985716
1566 0.153152716290208
1567 0.16662122353562836
1568 -0.03918968277810109
1569 -0.06259063387261676
1570 0.06538033382850017
1571 0.26332840411038205
1572 0.08826669368249895
1573 -0.15273226488659475
1574 -0.17028956189795963
1575 0.017158006613726684
1576 0.08365674064901896
1577 0.2595326021861979
1578 0.16768780857961474
1579 0.008512819139866679
1580 0.10823753301156103
1581 0.36799945133947176
1582 0.17250772926411173
1583 -0.2129042732199764
1584 -0.5461236859012502
1585 -0.2913555133337127
1586 -0.0022185660368450044
1587 -0.06266037418578208
1588 -0.1352070865163455
1589 -0.07239583461188204
1590 -0.03178945522563481
1591 0.02565853601231538
1592 0.06452423233110949
1593 -0.05445219265146761
1594 0.0015096419464271094
1595 0.055276512956424995
1596 0.13932715736979162
1597 0.23022247159536846
1598 0.18546849977337843
1599 -0.17839512933778678
1600 -0.8021462403169721
1601 -0.6844310741518598
1602 -0.2504101007685904
1603 -0.20813217965672948
1604 -0.32314251792979576
1605 -0.16338852466435583
1606 0.10122454595614272
1607 -0.23968435864043158
1608 -0.33637038689113297
1609 -0.21856038651219478
1610 -0.0768800903052238
1611 -0.11800433366374818
1612 0.00979616782450421
1613 0.14636691630903442
1614 0.042527927506398555
1615 -0.14710781989060706
1616 0.05535203949176548
1617 0.10026415977108627
1618 -0.09068953104286948
1619 -0.16897329688134732
1620 -0.1088549282940221
1621 0.06894392627242496
1622 0.001080140452188516
1623 -0.2094104191896804
1624 -0.08426043656140791
1625 0.0012013919061359957
1626 0.0013235120852641558
1627 -0.0698346527262288
1628 -0.13008798966109225
1629 -0.17966931908506467
1630 -0.14474869300954651
1631 -0.11309948641928713
1632 0.046889839580899206
1633 0.04640350165465179
1634 -0.1982866227077693
1635 -0.3295113752267298
1636 -0.0786790096960317
1637 -0.05485513108959594
1638 -0.15336311013805926
1639 -0.13092654271537185
1640 -0.2068845087119371
1641 -0.6550358195288482
1642 -0.5179660370898773
1643 -0.3166527938219019
1644 -0.25061440164694204
1645 -0.19937948174276698
1646 -0.1672579648741248
1647 -0.2602476011153385
1648 -0.24718040753253945
1649 -0.2699806292379776
1650 -0.10973097427279299
1651 -0.051810158717671584
1652 -0.02032881521665786
1653 -0.20156501880848054
1654 -0.12228145883682373
1655 -0.0358050509100849
1656 -0.06007825882954876
1657 -0.22396507535961518
1658 -0.13497337382290198
1659 0.09628664123863473
1660 0.08372620181677348
1661 -0.051830349177521384
1662 0.04780134319730678
1663 0.03731155090667926
1664 -0.09216324176907165
1665 -0.05775600594125763
1666 -0.04835500347746802
1667 -0.045070815103827044
1668 -0.009577703031311557
1669 0.01736577028981401
1670 0.012730766642505387
1671 -0.01553017919013655
1672 -0.08557701304317789
1673 -0.2771481531087261
1674 -0.302136918617407
1675 -0.055359706725596425
1676 0.15318301733805129
1677 -0.12152290346045902
1678 -0.19960365546995718
1679 -0.324118289496937
1680 -0.2558052015845078
1681 -0.1557122055193645
1682 0.02307055617899323
1683 0.15062397963583862
1684 0.0181495189093539
1685 -0.14708729066768456
1686 -0.12678933187345365
1687 0.009127298691907981
1688 -0.07888845584136561
1689 -0.29234850123071965
1690 -0.34757194082891374
1691 -0.14551029937558724
1692 -0.20485598060122356
1693 -0.2318589111083611
1694 -0.20638951038438336
1695 -0.23763785505457236
1696 -0.2376041518856482
1697 -0.30001588872738694
1698 -0.20422629470891707
1699 -0.08089218119079078
1700 -0.026054061915203874
1701 -0.05278605524563318
1702 -0.12321790997020798
1703 -0.02629047136662166
1704 -0.058580943878098424
1705 -0.12247115604458259
1706 -0.1832428138741875
1707 -0.15429318703604622
1708 -0.10632558762188182
1709 0.0018893637899282112
1710 -0.15092823792076615
1711 -0.11788906715821668
1712 -0.18280179890081172
1713 -0.2329749553028364
1714 -0.1495445681511569
1715 -0.13202473993402464
1716 -0.11702231726229684
1717 0.04523573896608468
1718 -0.11857142829444456
1719 -0.4347796310105423
1720 -0.5343154440479907
1721 -0.3251693926527537
1722 -0.19779919242625965
1723 -0.1318374167282741
1724 -0.12669799434354445
1725 -0.13487432095740814
1726 -0.10259218843037843
1727 -0.23982610595174947
1728 -0.2027704110902846
1729 -0.19717946693577915
1730 -0.25200738433619563
1731 -0.0012751795911185582
1732 0.09276036017820388
1733 -0.014377324171789496
1734 -0.09887627687089662
1735 -0.07784884756728161
1736 -0.11119061696916788
1737 0.0297471699103653
1738 0.04806400778613806
1739 0.07760321047624075
1740 0.07966360479758805
1741 0.013250957338584612
1742 -0.1576981011291423
1743 -0.08683507094826837
1744 -0.17425222363300463
1745 -0.09438251968379063
1746 0.2532125334560078
1747 0.2799788710850635
1748 -0.01932971893870672
1749 -0.1176685890512772
1750 -0.0307997747889317
1751 -0.03251033642970924
1752 -0.20350324874669923
1753 -0.08170744305817834
1754 -0.051791579908012864
1755 -0.1137082067196502
1756 0.06887206030785364
1757 0.24729900413649375
1758 -0.105411737254542
1759 -0.22801935644673677
1760 -0.1919542444714466
1761 -0.1985026600815445
1762 -0.5791703507666739
1763 -0.3556125907765022
1764 -0.28154136830266907
1765 -0.2270719088804185
1766 -0.17582623499140482
1767 0.10451327934941901
1768 0.13156175923842284
1769 -0.08887692900032107
1770 -0.10136122278311177
1771 -0.05908387617284916
1772 0.12526464179450159
1773 0.20212492485200073
1774 0.18250913060666107
1775 0.12911202399624244
1776 0.11206521488981025
1777 0.20626275436603692
1778 0.03282724176915508
1779 -0.040052846554203825
1780 -0.007797272464699745
1781 0.18786565092744922
1782 0.15913691227666504
1783 -0.010552471201492608
1784 -0.013302022360960564
1785 0.01724991454307201
1786 -0.03435195501498356
1787 0.03028910254653283
1788 0.014508750486186273
1789 0.0943749494020949
1790 0.09684938374078911
1791 0.04212818325720491
1792 -0.15523413099174377
1793 -0.14823672530553722
1794 0.01419474556496425
1795 0.03525068163105516
1796 0.04219325952198005
1797 0.057311740781472054
1798 0.1433946257802745
1799 0.13003819256960014
1800 -0.08099619076131148
1801 0.007292752864657359
1802 0.01749798628748067
1803 -0.10829663315598737
1804 -0.11201059709611627
1805 -0.0763192289192034
1806 0.06838119019494115
1807 -0.0045136270279044766
1808 -0.052766204459032906
1809 -0.4067245974746925
1810 -0.40719741118635966
1811 -0.30692906562478584
1812 -0.24904647410193093
1813 -0.1839793810349306
1814 -0.12707927052520063
1815 -0.8315505280443176
1816 -0.8440892812516836
1817 -0.3288629869648503
1818 -0.3974111522663293
1819 -0.3746015307960988
1820 -0.28025658761413297
1821 -0.1299802933017986
1822 -0.16949181542116776
1823 -0.330433608806743
1824 -0.27119816680209397
1825 -0.06006289695517353
1826 -0.06018907699569809
1827 -0.13871374169951878
1828 0.026215986163833804
1829 0.15084214921171224
1830 -0.10927720694843401
1831 -0.2660685108430698
1832 -0.3989251191393919
1833 -0.12439984032005214
1834 -0.07131952513515216
1835 -0.29769597951332116
1836 -0.19947584640232208
1837 -0.22564065035180647
1838 -0.056363632732768565
1839 -0.053292212132475925
1840 -0.03778069290615349
1841 -0.02763700878227837
1842 -0.09182740096497355
1843 -0.030067110938887254
1844 0.0007467695310765521
1845 -0.09630983559725337
1846 -0.08334114656383917
1847 -0.16848749226136306
1848 0.0135967544271125
1849 0.11469439575256501
1850 0.017986232629993992
1851 -0.1619004444617076
1852 -0.15433229920182612
1853 -0.06475413309937039
1854 0.003960520043108318
1855 0.06367692168356598
1856 -0.0948658952119672
1857 -0.1659257451067333
1858 -0.04923180555203999
1859 0.12339733448038714
1860 0.2707345443819804
1861 0.07254176216639507
1862 -0.17402856377947273
1863 -0.09163266393824188
1864 0.04258205839948914
1865 0.2009088651601587
1866 0.17741164742506044
1867 0.09573849808958812
1868 0.1110726293812263
1869 0.08806128401482738
1870 0.15394862572122747
1871 0.2554386137932738
1872 0.055578216136837
1873 -0.14047527559495165
1874 -0.12318924377831308
1875 -0.024896742419286966
1876 -0.001764981351698225
1877 -0.1061633752869966
1878 -0.04037407614765698
1879 0.020500650098483675
1880 -0.02363354989358868
1881 -0.0675554158812588
1882 -0.09412250687387314
1883 -0.07882585970418177
1884 -0.1228142120925213
1885 0.0025361259787359813
1886 -0.21437356809798302
1887 -0.2736673209160472
1888 -0.06692167934386362
1889 0.11597234492006692
1890 -0.03186298907786522
1891 -0.015398515719823536
1892 0.1820251623613558
1893 -0.008638744627035067
1894 -0.07087589713637499
1895 0.0029271711123328714
1896 0.17140938846137033
1897 0.00885146588467478
1898 -0.008394608474418419
1899 0.041467424053678315
1900 0.1918926263926437
1901 0.20520548257650262
1902 -0.2250220432729293
1903 -0.46531718517820764
1904 -0.2607156815673761
1905 -0.27403033514895014
1906 -0.17463039996499674
1907 -0.08992842654760125
1908 0.05442655823088671
1909 0.1526202925874145
1910 0.09314734782185496
1911 0.11072068020291681
1912 0.04376027648748959
1913 0.07329693572683027
1914 0.10340489444939749
1915 0.19953215579300831
1916 0.3010490540473256
1917 0.2572921077433534
1918 0.001763743310789323
1919 -0.07461706172534832
1920 0.02561201395195667
1921 -0.020612586655488485
1922 -0.028492279652823527
1923 0.11431243332975782
1924 0.10154132244934999
1925 0.1393519356718116
1926 0.11925134159133677
1927 0.15277005077365402
1928 0.2569436555077118
1929 0.09277522330336296
1930 -0.2285422864949851
1931 -0.2137057249410077
1932 -0.06948514968581776
1933 0.12331059442186643
1934 0.045687820381090205
1935 -0.0857878439917954
1936 0.07647629282524804
1937 0.19903637171228183
1938 0.20795022189741985
1939 0.0649036647334924
1940 0.0594291904143347
1941 0.09800948667896137
1942 0.18993737255385668
1943 0.21187389560617476
1944 0.29750786744767765
1945 0.20972480115722192
1946 0.20148959907481867
1947 0.1198319193698012
1948 0.017184473468716988
1949 0.03708312330769559
1950 0.14479693883407663
1951 0.14131640809046075
1952 0.004637066801763012
1953 0.11204321907700887
1954 0.13580096051634882
1955 0.17572383926858492
1956 -0.034787665464421025
1957 0.17244307701679418
1958 0.09420960711167936
1959 -0.05896094765518001
1960 -0.0316323492559718
1961 0.0978284733463397
1962 0.24379896679755575
1963 0.030883635448731184
1964 -0.345940692741749
1965 -0.26122896959475383
1966 -0.038532650198987994
1967 -0.03781424537334033
1968 -0.18570191749546439
1969 -0.19292604711625927
1970 -0.04525451904930833
1971 0.06647942539342466
1972 0.10760962801140295
1973 0.16847429121435198
1974 0.13568573505142467
1975 0.2836686223115521
1976 0.08347750911570984
1977 -0.060369289154607486
1978 0.01852812548588645
1979 0.11723530766181511
1980 0.2412562828911291
1981 0.24836803345277758
1982 0.13658095107416557
1983 0.1934796859807193
1984 0.3898249883187077
1985 0.5390525136187989
1986 0.28621538162570914
1987 0.29877195316549887
1988 0.30804042286280264
1989 0.48793213338598207
1990 0.4882614046899221
1991 0.4588611612060731
1992 0.2219779747516668
1993 0.10761950842083934
1994 0.23012959482809947
1995 0.34794942288556285
1996 0.4255073614522189
1997 0.4974006786163727
1998 0.6400709029785503
1999 0.6786116945299341
2000 0.5179931828608346
2001 0.31110418918814275
2002 0.5150395299206139
2003 0.6947342680903716
2004 0.7627942574484337
