850 0.274578120393528
851 0.2909264774204985
852 0.21180759607193522
853 0.17264875611562047
854 -0.058808952805861736
855 -0.12257644259312883
856 -0.07388777795875967
857 -0.05604855730996405
858 0.05160364292618169
859 -0.022110968179788415
860 0.0027198622370860903
861 0.21784610468864685
862 0.2298432648372568
863 0.1142428058123528
864 0.036978097049825465
865 0.08671289975688978
866 0.10126392419113017
867 0.13913861810539174
868 0.29702735065916386
869 0.45193630586385325
870 0.05318468117508246
871 -0.1532838665745544
872 -0.08224787154904334
873 0.046463540475429
874 0.08816234195040806
875 0.14196001537300162
876 0.22853536055265522
877 0.09998609131207559
878 -0.10411589137908095
879 -0.0896516920358863
880 0.22735105736325067
881 0.24991516771530087
882 -0.08732923384241076
883 -0.10877703682353967
884 0.11633056823291099
885 0.09951411599615767
886 0.024739500802411385
887 0.06843542218382481
888 0.07615756321325762
889 0.06701265397714451
890 -0.047633166305047325
891 -0.1571612098038031
892 -0.09503495710589505
893 -0.08239896041385464
894 0.012208791113323514
895 0.10069777335934305
896 0.08018225555059644
897 0.06760415618145998
898 -0.023256215909668754
899 -0.11472680618948061
900 -0.008157454370348205
901 -0.12772676573337094
902 -0.00956840948140325
903 -0.04745643663187593
904 -0.09105534808668381
905 -0.10974596416696158
906 0.13202117348214415
907 0.27221289953536143
908 0.09615528724833666
909 -0.14750074371193023
910 0.0008189046420739032
911 -0.0032525782406764847
912 0.03989591207630383
913 0.0635841375972177
914 0.03765224597299266
915 0.018088230653461324
916 0.18956920225986096
917 0.26786997700122583
918 0.1082425571135559
919 -0.14590354534698236
920 -0.23706924756447734
921 -0.05997500410120438
922 -0.08182536421168152
923 -0.024910664031381202
924 0.07170737519754766
925 0.06101916814128572
926 0.07923309112590005
927 0.04769517982333582
928 -0.02394498162641412
929 -0.03469003368996937
930 0.2155758370067815
931 0.13038456499896256
932 0.06506285249054145
933 -0.12018651206426512
934 -0.05160420678106448
935 0.24428194974683493
936 0.13421691928397195
937 0.16921800244546148
938 0.1637466003857071
939 0.19925334050645915
940 0.30921735770965597
941 0.08256136185462992
942 0.05395282040700522
943 0.01244577471931052
944 -0.0535958005187922
945 -0.13812674080219267
946 -0.11355132720899519
947 -0.11285535242831202
948 0.14858614439276607
949 0.17557976621969829
950 0.17549691873853135
951 0.1050687059536699
952 0.07310217543363251
953 0.10979077564871886
954 0.1052970298333662
955 0.22003390932547973
956 0.2963724573032209
957 0.1214274521080938
958 -0.06943405569711558
959 -0.04087001943571522
960 0.04199174904414349
961 -0.13572277326619542
962 -0.1600282966799682
963 -0.18039754285922527
964 0.06102238965598872
965 0.04216722714261323
966 0.05502611783686007
967 0.021070444976544422
968 -0.014643715768272614
969 0.18868110833653873
970 0.3343125676119598
971 0.12475297228809268
972 -0.13932323014796566
973 -0.18326511104379506
974 -0.005299746966443308
975 0.08367201856884776
976 0.16046411614513545
977 0.27299303177221645
978 0.1571565837081721
979 0.07827104166011623
980 0.04184317272984117
981 0.00605226728720254
982 0.11193863833386786
983 0.31215755534520895
984 0.2206273271820578
985 0.01759782529984477
986 0.13073039816845267
987 0.20993624951199763
988 0.10466236544795038
989 -0.04754081312830749
990 0.08506842301216011
991 0.2576065299858783
992 0.18487885366243972
993 -0.13561317747502244
994 -0.19302515159733957
995 0.03287409090148685
996 0.014105184890070177
997 0.04702557240841543
998 0.13439221071314478
999 0.11527686495497846
1000 0.1025832900109549
1001 -0.1452003792294363
1002 -0.1699022309327347
1003 -0.21287660581810997
1004 -0.10529454045115472
1005 -0.11222725026095759
1006 -0.0954130890995657
1007 -0.030057146519027356
1008 0.11226060750260558
1009 0.2862635644336251
1010 0.16457135253398292
1011 -0.004753090215729117
1012 0.16696848390944297
1013 0.22842942284853507
1014 0.2712263976814029
1015 0.07605064793040128
1016 0.025379421093816745
1017 0.0523040578826226
1018 -0.02780797662870782
1019 -0.1458441271980746
1020 0.17492036703362146
1021 0.2028358463984432
1022 0.09099638600571325
1023 0.07626832904310277
1024 0.10802081377414652
1025 0.23587751761340314
1026 0.1920471029908981
1027 0.036436184071078515
1028 -0.02087815154601458
1029 0.26580446226017784
1030 0.18280569217171205
1031 -0.03784100879994412
1032 -0.12326588556231854
1033 -0.038530634553069376
1034 0.10412765987365447
1035 0.10645557649081638
1036 0.10930320269056892
1037 0.019313426880842144
1038 0.02988632138470848
1039 0.1447622459375566
1040 0.06071712652698125
1041 0.05601783958746864
1042 0.017003133146886285
1043 0.22281785612898375
1044 0.34094630058393705
1045 0.27797845046296743
1046 0.201870337934281
1047 -0.03666247239908671
1048 0.020643453804325418
1049 0.0913963467675103
1050 0.24296014810147426
1051 0.20829353904963455
1052 0.19441742721625133
1053 0.1845767272029093
1054 0.14451294520637248
1055 0.16707849878702064
1056 0.1747379233098627
1057 0.23610415779177174
1058 0.11239433795265086
1059 0.3004912565692166
1060 0.38504777561399806
1061 0.19604957119889832
1062 0.054910481068361605
1063 0.019483021188591465
1064 0.09949880941638867
1065 0.13114048627852526
1066 0.1040697872194869
1067 0.1249393166785353
1068 0.07503837362554577
1069 0.09481458321772607
1070 0.19016334802898882
1071 0.20471027272492393
1072 0.14213795696656462
1073 -0.06270208427650914
1074 -0.036981346322363606
1075 0.2120322330344493
1076 0.25711690842501866
1077 0.00356841247111106
1078 0.05127760537612858
1079 0.37571399142171913
1080 0.2940129010335113
1081 -0.1964311571891244
1082 -0.38680226336458645
1083 -0.08220366638164478
1084 0.12675518075189984
1085 0.16928129983733697
1086 0.0806807929730553
1087 0.08431301674102087
1088 0.02528216584829579
1089 -0.07919339626062083
1090 0.025116079676536174
1091 0.16833358402016074
1092 0.09864204079900674
1093 0.037018685654800265
1094 -0.05141433183769095
1095 0.08647574979431738
1096 0.2218299049932284
1097 0.2678342457936651
1098 0.2913265849014124
1099 0.29315895036836537
1100 0.2306601327997555
1101 0.29923767482955554
1102 0.3450479143166376
1103 0.2561184739841451
1104 0.1380316285482195
1105 0.17033561543610176
1106 0.2637697127430556
1107 0.3529526161747185
1108 0.4396763943362316
1109 0.3376389649724274
1110 0.13200835952000034
1111 -0.027076867030984886
1112 0.03788109068176482
1113 0.09708828576202677
1114 0.04933318359121586
1115 0.23097435615039785
1116 0.18209996752506186
1117 0.015968212444704477
1118 0.07350213596305366
1119 0.056739006122711544
1120 0.1446139348748261
1121 0.1448228381693184
1122 0.22847179409649243
1123 0.2966794964227688
1124 0.25346869897521174
1125 0.06574987859261228
1126 -0.02006104341791115
1127 0.1594063698138939
1128 0.41281204045486675
1129 0.3516023161098474
1130 -0.015292861528394042
1131 -0.12494718810233962
1132 -0.02764683424999248
1133 0.26920596626200677
1134 0.4985010173875253
1135 0.47314626156224904
1136 0.4753054612349388
1137 0.5111013222683027
1138 0.20708655825524147
1139 0.11563729331288641
1140 0.021578263682556553
1141 0.11033513876691359
1142 0.10059956727002373
1143 0.06908053339833486
1144 0.25174490526677573
1145 0.30743301501934184
1146 0.2811535592305745
1147 0.13145557961769327
1148 0.0072878937685914025
1149 0.1192177293934833
1150 0.12218907939808332
1151 0.3651982066999153
1152 0.3062198047871334
1153 -0.03331286603764738
1154 -0.23703240003823112
1155 -0.09880340307489632
1156 0.07760341471430365
1157 0.22720558561883308
1158 -0.027650157462574043
1159 0.02627082935669023
1160 0.17075157614948466
1161 0.006033994631877704
1162 -0.12230177809038878
1163 -0.029814681381481023
1164 0.09796587123997824
1165 0.06121816621663356
1166 0.206690198142212
1167 0.3752211175082607
1168 0.34045809306553565
1169 -0.023553914927276765
1170 -0.044059320490816845
1171 -0.025832715177557475
1172 0.2267824729274821
1173 0.39218413167446897
1174 0.1611531344796049
1175 -0.025997009233890367
1176 -0.2524791521216798
1177 -0.06132494012354073
1178 0.09624932456495117
1179 -0.050151367358978405
1180 -0.08134444151170328
1181 -0.157364205575675
1182 -0.03630929389510129
1183 0.2389821880491354
1184 0.5547785949708555
1185 0.35400330567125593
1186 0.04989156651765825
1187 0.05931983165459087
1188 0.06433916629515579
1189 0.022390409420495416
1190 0.016527490739804307
1191 0.13304662964799263
1192 0.2727590694356081
1193 0.15591262965142505
1194 -0.07741117494362015
1195 -0.13695206851105013
1196 -0.03459856862031074
1197 -0.03705261198433618
1198 0.2287855766169855
1199 0.21759890155652784
1200 -0.06945404406241096
1201 -0.09039362942093021
1202 0.17065578316316987
1203 0.00458662526898479
1204 -0.14414574595264185
1205 -0.143917474242528
1206 -0.004144940231128658
1207 0.0554655897298062
1208 0.24714062344679633
1209 0.3010361010968836
1210 0.2279820087827602
1211 0.1439705178329973
1212 0.22209349150745084
1213 -0.042590238178490836
1214 -0.04890995566762513
1215 -0.19251889114605092
1216 -0.2666908514735269
1217 -0.09300889018032876
1218 0.057186153141003615
1219 -0.04180585408278148
1220 0.0035973733021137377
1221 -0.002028077301929443
1222 0.07189390991419486
1223 0.029300698404995273
1224 0.1274232321147224
1225 0.11861438685457415
1226 0.11930409499336747
1227 0.04869316331240725
1228 0.06950904113591605
1229 0.0887309359816868
1230 0.3107015421031747
1231 0.25562795754700574
1232 -0.19681275830646427
1233 -0.3604584714763064
1234 -0.011457215732264103
1235 0.04573801338352723
1236 0.1813623090770875
1237 0.41664918974919374
1238 0.39039152749330697
1239 -0.1040832547125774
1240 -0.13191197212915995
1241 0.09219763349886989
1242 0.2694707983978901
1243 0.2779507381133044
1244 0.08155362926106591
1245 -0.05391094352887649
1246 0.13078870424743627
1247 0.3687713210174479
1248 0.27619273031933744
1249 0.005272599425268254
1250 0.08534175875763594
1251 0.1607875008752444
1252 0.13806364826257322
1253 0.13031247344088115
1254 0.13347309519429018
1255 -0.004073576358734954
1256 0.011827968398563371
1257 0.18427582594091518
1258 -0.8545708772737157
1259 -1.115955966129377
1260 -0.3936517673804474
1261 -0.2335764732466714
1262 -0.324799242255267
1263 -0.23142713329616527
1264 -0.21755134361615092
1265 -0.09078967233591584
1266 0.004163155299977461
1267 0.2181566175774492
1268 0.016094322684523377
1269 -0.19125157723306074
1270 -0.2634123771837835
1271 -0.20141004382111305
1272 -0.1604277658399269
1273 -0.1333375538188193
1274 -0.0913185514055499
1275 -0.4909302059975289
1276 -0.4493398125503063
1277 -0.1281968734245993
1278 -0.1165598809446351
1279 -0.13126589318187598
1280 -0.07849544551902454
1281 0.17606386834995646
1282 0.2445294005648293
1283 0.022946948226092445
1284 -0.43611271861141176
1285 -0.3750347425966538
1286 -0.1324999072388664
1287 -0.010697559724405892
1288 -0.2866405526708036
1289 -0.2892682198817056
1290 -0.013103733586490307
1291 -0.06264998536175881
1292 -0.17787736710454283
1293 -0.1303014738985553
1294 0.02270325048613131
1295 0.11746755115393626
1296 0.04242377649575246
1297 -0.12688088353951343
1298 0.02197289526861823
1299 -0.05785657866567817
1300 -0.10539053126399267
1301 -0.2727297072573833
1302 -0.32114168076719807
1303 -0.25882293011420643
1304 -0.06575586889982787
1305 0.11595583679383026
1306 0.16257696313812176
1307 -0.14321393589960962
1308 -0.1765530507914832
1309 -0.13717210304173477
1310 -0.12281444827698351
1311 -0.016030097646421382
1312 -0.025402658792870625
1313 -0.07704572121343745
1314 0.06308328886984782
1315 0.22609500421680195
1316 0.2468218740325483
1317 0.05564764690956281
1318 -0.0397865973785656
1319 0.07168137613444969
1320 0.16245244487430455
1321 0.1640364609774565
1322 0.1675681297601841
1323 0.00561854945306095
1324 -0.008931729591438398
1325 0.20340426052058547
1326 0.22666866280383147
1327 0.12892928718014218
1328 -0.1460359892724341
1329 0.06111622617299872
1330 0.19187689510329164
1331 0.08076553886098736
1332 0.03011105278579862
1333 -0.009273626967114978
1334 -0.0561205437005583
1335 -0.029543774554156244
1336 -0.060692037867170257
1337 0.06290606721483982
1338 0.093640295776936
1339 -0.041716908470220915
1340 -0.07909317375731462
1341 -0.3310446695503515
1342 -0.3564580026184103
1343 -0.17783008174927772
1344 -0.014580199071872357
1345 0.020696921354613096
1346 -0.0025260506360496038
1347 -0.0770488358360808
1348 -0.038626176651121114
1349 0.13257375554326245
1350 0.1040544723698531
1351 -0.08438287965418567
1352 0.06011487388053638
1353 -0.04961325096172686
1354 -0.035821944898543734
1355 -0.023666405984556604
1356 -0.014823637110055188
1357 0.18529995711207903
1358 0.14901650358171992
1359 -0.0763682138735362
1360 -0.05232194833934045
1361 -0.027541084061795118
1362 -0.04340727875450057
1363 0.06533977328052742
1364 0.02345631408434201
1365 -0.054086472875610525
1366 -0.09869256121777426
1367 0.07757471858832332
1368 0.17821427515599453
1369 0.13819770907696238
1370 0.07206640121370356
1371 0.22121740807767765
1372 0.37820811245796904
1373 0.0972039048364195
1374 -0.1749736069691039
1375 -0.03873866123501557
1376 0.10562546094683967
1377 0.1999646671769142
1378 0.11736669735688565
1379 0.11727368862534604
1380 0.1650862747429187
1381 0.15106346985749042
1382 0.0646767608154164
1383 0.15684208948920286
1384 0.19142678639082078
1385 0.06023588792595547
1386 0.003812859083097919
1387 0.21026058527559144
1388 0.24477460063798162
1389 0.10106634479797094
1390 -0.14436148452438147
1391 -0.30483325132433947
1392 -0.14887591163886782
1393 0.06132916822758716
1394 0.05807275517054222
1395 0.10336630182814588
1396 0.18974450920575237
1397 0.18190574262928294
1398 0.02091524898565922
1399 0.031788307502722546
1400 0.17007454241218056
1401 0.06727770088883744
1402 -0.03737376270714776
1403 -0.0686231294420736
1404 -0.07474823601728531
1405 0.06030491021402895
1406 0.07084705249491208
1407 -0.03184707548177812
1408 -0.15729327223448308
1409 -0.041381617004219606
1410 0.047055497682379155
1411 0.1882088308223615
1412 0.13969677112197587
1413 -0.012967979799896057
1414 0.05283277744450743
1415 0.09897836007792193
1416 0.07643290486686283
1417 0.006230448154553869
1418 -0.04854488358046183
1419 0.013865217871625646
1420 0.043917405162630985
1421 0.028836637689039435
1422 0.12754696650631558
1423 0.21754007972219824
1424 0.21542637221887162
1425 0.18369056194507039
1426 -0.013699461300063831
1427 -0.009191745341354363
1428 0.26168951236115845
1429 0.258385570428743
1430 -0.10954823566510186
1431 -0.08355166172640338
1432 0.04621107450736872
1433 0.01817625493123387
1434 0.03384139228279537
1435 -0.04219141138406712
1436 0.04590488279791316
1437 0.12115510067690138
1438 0.09705466515839589
1439 0.0321326468197185
1440 -0.06868260086832834
1441 -0.20468744609257783
1442 0.07375030592203302
1443 0.12457126363119642
1444 -0.07693832837225045
1445 0.10358033134002653
1446 0.18967558704758858
1447 0.13189892717531393
1448 0.11456676022248757
1449 0.14455083093326948
1450 0.2489369760199338
1451 0.21299915246123646
1452 -0.4575529109526997
1453 -0.6017596873007847
1454 -0.43289864167155656
1455 -0.40559953278523153
1456 -0.3219708664595373
1457 -0.19253563838833543
1458 -0.16374459663347807
1459 -0.4242144740272238
1460 -0.2093934026480042
1461 0.04383935179106402
1462 -0.084681203041157
1463 -0.1014244386905716
1464 -0.07168558475348163
1465 -0.07564728272905086
1466 0.14638294435115995
1467 0.21187160671979655
1468 0.2340166350956565
1469 0.12387187382665843
1470 0.03394607830750829
1471 0.02298803229615487
1472 0.06549745369648008
1473 0.0636460104891512
1474 0.015270382153005357
1475 -0.10215875842123978
1476 -0.16774778411547686
1477 -0.1562804130984432
1478 -0.17448865442025863
1479 0.1170389301457817
1480 -0.001180893169760111
1481 -0.00614168559383188
1482 0.016340375495417447
1483 0.23858804273424994
1484 0.09370508416560597
1485 -0.18181260297501467
1486 -0.07120484432653029
1487 -0.06765046371322114
1488 -0.03696194276096776
1489 0.15534056513763517
1490 0.2801750942720105
1491 -0.05670499246593863
1492 -0.23165709004894097
1493 -0.21794988623457812
1494 -0.09950740323921536
1495 0.0013186232657176333
1496 -0.05668532639708701
1497 0.0456310115667975
1498 0.07631631313955722
1499 0.05551794783207242
1500 0.0372165641190918
1501 -0.014148577248874972
1502 -0.06958481212677725
1503 -0.07546732303518411
1504 -0.0013266933013937887
1505 0.011088765934687217
1506 0.1570693188600103
1507 0.1004599463057616
1508 -0.07697364601636991
1509 0.17160423257132607
1510 0.3913844709330192
1511 0.15851418016382013
1512 -0.26573045059757305
1513 -0.2476259954966622
1514 -0.1567540538039225
1515 -0.09953462313671935
1516 -0.08640357113711161
1517 -0.11496657997270177
1518 0.03852915491421527
1519 0.12859609745606804
1520 -0.003470115128550333
1521 -0.1592253507350847
1522 -0.061862826170113294
1523 -0.11831657449715749
1524 -0.03357320721210044
1525 -0.00526319173303591
1526 0.011435051036755794
1527 -0.062363276520898125
1528 -0.02439265796425616
1529 0.22335589889905805
1530 0.45491898016450705
1531 0.09363300761947357
1532 -0.11421661568829222
1533 -0.10691710188416437
1534 0.06316962309591645
1535 0.20732154643081913
1536 0.18380331898873692
1537 -0.2049097185168307
1538 -0.24371571069190168
1539 -0.0981017664570345
1540 -0.03360131779874109
1541 0.02138059036656159
1542 -0.04154839928145293
1543 0.20668123877953803
1544 0.236786486065796
1545 0.051159914730249056
1546 0.052019617478947566
1547 -0.07433688900783864
1548 0.09514673996403644
1549 0.17431726436217332
1550 0.016882863068246934
1551 -0.03432221791427992
1552 -0.02036148344200228
1553 0.11388185754520919
1554 0.09303096364823205
1555 0.0719059461366669
1556 0.07403561351213739
1557 0.05792952487013281
1558 0.19066350262556853
1559 0.1926496234386832
1560 0.15514376850558165
1561 0.22624051932177736
1562 0.19941070846067532
1563 0.2588507109426814
1564 -0.09533529563657339
1565 -0.07910064404029526
1566 0.047398341244559106
1567 0.17175252365069582
1568 0.31609109794857204
1569 0.23035816666094888
1570 0.003388489657311311
1571 -0.15863504924953986
1572 -0.11826469199934309
1573 -0.12484660858081043
1574 0.03587141517334658
1575 0.08458869700069727
1576 -0.10153113050370166
1577 -0.12242129891166087
1578 -0.15908093099153575
1579 -0.10452551585257197
1580 -0.08202734635273146
1581 0.1249917264426017
1582 0.16281491532663495
1583 -0.24090750997692112
1584 -0.46431184601487985
1585 -0.3014939345459311
1586 -0.06101479407027455
1587 -0.10907579373679255
1588 -0.15748641962585452
1589 0.14756257063510247
1590 -0.07021937010813417
1591 -0.2939034514778882
1592 -0.2527185810053538
1593 -0.03718015162377242
1594 0.1692519185358492
1595 -0.013148474342813188
1596 -0.2701468314959925
1597 -0.44606492470143166
1598 -0.310542457922395
1599 -0.18416940246589775
1600 -0.44026368579932296
1601 -0.21869122609109581
1602 -0.15393061745447767
1603 -0.08012680812061035
1604 -0.051593296071700934
1605 -0.18092524935536858
1606 -0.21420060752552672
1607 -0.1685408655779952
1608 -0.14025718674986365
1609 -0.15868574376031575
1610 -0.06957459286303447
1611 -0.04698827730771882
1612 -0.23269509983282433
1613 -0.27586418683006286
1614 -0.18444631783160048
1615 -0.16388832250180485
1616 -0.09661136603392606
1617 0.019551470970952778
1618 0.003970441133162694
1619 -0.14949718369013
1620 -0.07686203189530261
1621 -0.05732803204364245
1622 -0.10152365419958187
1623 -0.13480683146013916
1624 -0.2078741246718323
1625 -0.24663230803025726
1626 -0.28947868290333645
1627 -0.13884803687693648
1628 -0.03060485841172067
1629 0.06575571960541993
1630 -0.017042342632180407
1631 0.09128757140092603
1632 0.154680699921812
1633 -0.12912113768857125
1634 -0.09322916044908425
1635 -0.059751208315333315
1636 -0.07698584137318676
1637 -0.07257559599332808
1638 0.09126918911960047
1639 0.30588912764136467
1640 0.03777371968283205
1641 -0.6977193498818224
1642 -0.6786917959248626
1643 -0.4343206582195194
1644 -0.11109438958283135
1645 -0.011742191321445716
1646 -0.027520311639136708
1647 -0.10178545773112546
1648 -0.1938399115886682
1649 -0.26419055127752245
1650 -0.18923995800656712
1651 -0.05178210244321235
1652 0.04963395242430124
1653 -0.025913942440524806
1654 0.04461114742292693
1655 0.14781222736837663
1656 0.26380694275167116
1657 -0.11588829130118938
1658 -0.27295884708479434
1659 -0.26007964959364926
1660 -0.2245260828755704
1661 -0.2939254043048436
1662 -0.1507562050303477
1663 -0.08072676417606317
1664 -0.008746822929253995
1665 -0.18112242605837992
1666 -0.1964664384174739
1667 -0.15917060956530804
1668 -0.15338319212594342
1669 -0.24398783376750544
1670 -0.25201028552487514
1671 -0.13197088531109102
1672 -0.04556376663174433
1673 -0.09185146130550947
1674 0.06815666895357708
1675 -0.0013896450943775562
1676 -0.06670294397957832
1677 -0.03323101172719589
1678 -0.11015408131510185
1679 -0.0829714536283177
1680 -0.11319471402794079
1681 -0.19350409982263272
1682 -0.1892190713541595
1683 -0.0122331894144736
1684 -0.17877574866406576
1685 -0.2617621624972344
1686 -0.10840351612023369
1687 -0.07687531269692727
1688 0.03951942309385004
1689 -0.011945026764522026
1690 -0.17400344738558715
1691 -0.2522984503099792
1692 -0.0641627676041594
1693 -0.13436237447035637
1694 -0.36782959670222226
1695 -0.4221854190393515
1696 -0.35111508249593726
1697 -0.19601377392996255
1698 -0.03899733093243185
1699 0.08241099769657012
1700 0.10350250794442672
1701 -0.23702682055585456
1702 -0.09041481145271746
1703 -0.10524413626995965
1704 -0.09342104799958406
1705 0.2377380316519293
1706 0.22905672017071765
1707 0.004263055714261554
1708 -0.05613123200868131
1709 -0.13710722554225185
1710 -0.1123375080119331
1711 0.0027519675139160427
1712 -0.007792501262940732
1713 0.04722265414090998
1714 0.03238278145676077
1715 -0.003199014766437358
1716 -0.022096893459888634
1717 -0.08393055194625276
1718 -0.047489332673137596
1719 0.04231130501665348
1720 -0.012683328536354566
1721 -0.19698894313034998
1722 -0.24687417433580094
1723 0.020107338407683528
1724 0.25325813104404915
1725 0.13861901182372094
1726 -0.10667748771055585
1727 -0.16719688119826515
1728 -0.12013268545888423
1729 -0.00019153324677745331
1730 0.11265222186102619
1731 -0.00645364517760072
1732 -0.23565010825666377
1733 -0.17568569424787484
1734 -0.017140920688120787
1735 0.06059221544290949
1736 0.10155759171436785
1737 0.2572112553208967
1738 0.2712878721893617
1739 -0.08267263815247361
1740 -0.2897304357011308
1741 -0.17863787354536953
1742 -0.2020891997173635
1743 0.038321273474878126
1744 -0.011366817008763519
1745 -0.10660405813513307
1746 -0.24027134891167634
1747 -0.3114566449021936
1748 -0.15696354685695724
1749 0.0619548560400176
1750 0.1580979453335658
1751 0.03287396145049115
1752 0.0850537735503849
1753 -0.011816633102966989
1754 -0.1469233986667291
1755 0.01350338341404722
1756 0.0674178674120185
1757 -0.022423986067508395
1758 -0.29329512256288126
1759 -0.28244963340159757
1760 -0.3105966211882105
1761 -0.42257172053183467
1762 -0.8089400883127382
1763 -0.37759051276725586
1764 -0.22726788922199148
1765 -0.31558235258694367
1766 -0.31814052009269744
1767 -0.21872967478464034
1768 -0.24936464577154993
1769 -0.23469259413207055
1770 -0.2485300473728671
1771 0.0002911558932510161
1772 -0.07155169573150033
1773 -0.09307844454758651
1774 0.10673324572246656
1775 0.21315720742182975
1776 -0.04397060057613089
1777 -0.0704700981588644
1778 -0.21183091154961176
1779 -0.15288855565216863
1780 -0.13911748937630364
1781 -0.1754116629245459
1782 -0.14997640262134837
1783 0.03426930072293999
1784 0.050593552941165854
1785 0.015220642280496577
1786 0.07907787413188316
1787 0.009703050310804429
1788 0.0428716581013191
1789 -0.010655826487038667
1790 0.04743596627849911
1791 -0.026719689387789458
1792 0.02066413605160733
1793 0.08389014923062632
1794 0.03274421976021813
1795 -0.1133468195689602
1796 -0.2420190604182153
1797 -0.1502023154466201
1798 -0.16887138319214046
1799 -0.1255113309696867
1800 -0.18467954839383083
1801 -0.09983864581198532
1802 -0.0042652354964047845
1803 -0.12699965623869502
1804 0.045869637205612435
1805 0.09121437451096881
1806 -0.008004413735193339
1807 0.0259939903249915
1808 -0.04651392458106329
1809 -0.4606434204810057
1810 -0.4477785959008429
1811 -0.20953812187070753
1812 -0.13576996971318067
1813 -0.006679096463756196
1814 0.01822454713840216
1815 -0.47895381110993185
1816 -0.5900282313390903
1817 -0.5479603991860813
1818 -0.431944282915083
1819 -0.33636048465399426
1820 -0.1299428321744358
1821 0.09749671847168884
1822 0.0571242554636342
1823 -0.28027388313796564
1824 -0.3057937406687188
1825 -0.2886631877713626
1826 0.0301141637248179
1827 0.14667733604494515
1828 -0.10106573020249243
1829 -0.09075538726921195
1830 0.047260527009939324
1831 -0.027026085834563673
1832 -0.24610198693113716
1833 -0.22662397581893856
1834 -0.2861945461843334
1835 -0.4493700679186645
1836 -0.2761071089870484
1837 0.012230198453949015
1838 -0.03636958702037418
1839 -0.17478815671080383
1840 -0.02251261525634618
1841 -0.029631666131365364
1842 -0.1683923405634573
1843 -0.1988990594028337
1844 -0.10547956676941794
1845 0.09291255047861569
1846 -0.1124132431389171
1847 -0.3375888143274892
1848 -0.27254922439237816
1849 -0.06561123927008339
1850 0.10422825178204675
1851 0.073609174861474
1852 -0.021747248064912128
1853 0.09959579737443391
1854 0.10005227645820014
1855 -0.13255469942453146
1856 -0.11193829738795102
1857 -0.053486128938743605
1858 0.013617564760181722
1859 0.1518915823959901
1860 0.2799945742154364
1861 -0.03080553868824154
1862 -0.2578998776459116
1863 -0.12701273324529438
1864 0.044531539845309
1865 0.14415719065010535
1866 0.13185594911760745
1867 0.1549595168175415
1868 0.010238392670316898
1869 0.04993452910207452
1870 0.18096314728296647
1871 0.2251920268909089
1872 0.15202210810736005
1873 0.17321750265728042
1874 0.2385928283599128
1875 0.06506322317528657
1876 -0.06932329561033157
1877 -0.0024997960568953204
1878 0.15951836352235205
1879 0.07619266070167896
1880 -0.12580757564302303
1881 -0.17604135069274207
1882 0.0914236764602947
1883 0.16821953248324917
1884 -0.17840290878820042
1885 -0.40946758964719265
1886 -0.4044338716441871
1887 -0.265640218768624
1888 -0.0531603248294914
1889 -0.10130313336526342
1890 -0.22011648400371087
1891 -0.23029447120825353
1892 -0.06444591784890008
1893 0.151633019427436
1894 -0.043539179265735584
1895 -0.10632247723356159
1896 0.06095474320704852
1897 0.012937933484806763
1898 -0.01577318077596601
1899 -0.06693082058927757
1900 0.15435001355393752
1901 0.09725049888777448
1902 -0.07920703845189792
1903 -0.3406759772654482
1904 -0.32026131918684086
1905 -0.10140374740791458
1906 -0.041471458371233894
1907 -0.2694839079850908
1908 -0.12228984122549491
1909 -0.09590753578606837
1910 -0.1254046862351288
1911 -0.15986802550958146
1912 -0.24899101005263446
1913 -0.23601287692338246
1914 -0.12069393466549627
1915 0.02569482663011513
1916 -0.01991289670718288
1917 -0.14571382525900844
1918 -0.15073711669941758
1919 -0.030986183736274597
1920 0.03013080014954994
1921 0.044129383514132314
1922 -0.06180202596226536
1923 -0.18702778576954415
1924 -0.21455835526921874
1925 0.017452217598474817
1926 0.0360808792341345
1927 -0.05574578740629477
1928 -0.1164628350906014
1929 -0.0805423019849627
1930 0.08391321034429211
1931 0.04228447740962338
1932 0.2787102407497173
1933 0.19029283675081388
1934 0.12518615370669295
1935 0.03614654953099716
1936 0.09139265718869183
1937 0.11454885002638093
1938 0.17436700346695488
1939 0.14303353130748064
1940 0.2423862314619214
1941 0.0656464931474261
1942 0.09116174112165254
1943 0.1898034560775841
1944 0.2109860334495579
1945 0.18918855551430624
1946 0.2296609872576596
1947 0.3449248746243825
1948 0.1560760946184132
1949 -0.07273377078365684
1950 0.019426102946852097
1951 0.1258932105703252
1952 0.001622959236897259
1953 -0.009904878315865062
1954 0.07762842820119431
1955 0.14608996763075766
1956 0.09918583947029447
1957 0.03957785671411784
1958 0.05775818302566904
1959 0.23548351611378848
1960 0.3464945546464264
1961 0.3024307595165965
1962 -0.02070568861205402
1963 -0.13033383196648174
1964 -0.11231922116490978
1965 0.11049730568663563
1966 -0.06771025597055313
1967 -0.07159741390466934
1968 -0.034773630180609416
1969 0.02513693671897954
1970 0.06748529271629877
1971 0.09294444927490986
1972 0.24402288960857277
1973 0.19212185263404535
1974 0.004008940943379002
1975 -0.06514452253884429
1976 0.2381344014375486
1977 0.4156285572140064
1978 0.22866580787655266
1979 0.17289832941065697
1980 0.17245953503822875
1981 0.2909802484751367
1982 0.19585639950020095
1983 0.3106287707038291
1984 0.3985854253324419
1985 0.28259428162033373
1986 0.28550193303169635
1987 0.3290303546437485
1988 0.4282827794181685
1989 0.4544377822491015
1990 0.49257533445404533
1991 0.4146751625938805
1992 0.1364122836317847
1993 0.2835000382418116
1994 0.48058441819210884
1995 0.2669405594112959
1996 0.21589965537270928
1997 0.18668584774434294
1998 0.4197984471466043
1999 0.7844959189391147
2000 0.6781082369764135
2001 0.4645722458785144
2002 0.4999110626645802
2003 0.6033472267300226
2004 0.5335289022202119
