850 0.18241590137148478
851 0.2756968969477498
852 0.1701321610464106
853 0.19081697149755428
854 0.25799711681645476
855 0.24176436457207728
856 0.030243965742499768
857 0.041105167000637266
858 0.13833814710403658
859 0.021708629920908606
860 -0.10772443824527045
861 0.06802361403595114
862 0.371102940238643
863 0.21914665140781153
864 -0.03557448824301446
865 0.15112811912229063
866 0.06724396594046311
867 0.040230652938532785
868 0.1192026637086201
869 0.15665736030013022
870 0.004960591015674254
871 0.12208782133154727
872 0.13347034135568947
873 -0.10874787007634268
874 -0.08021329837902158
875 0.015128784895068748
876 0.35417903791557137
877 0.37958397608076666
878 0.14714733901251975
879 -0.07376540728716918
880 0.029925176297638245
881 0.20136658628848636
882 0.18690607500150236
883 0.019892969923773762
884 -0.054188076794332574
885 -0.10353789364398835
886 -0.06797130385393757
887 -0.09482477414945834
888 -0.010482124760301303
889 0.1368383587866333
890 0.2737061716404128
891 0.1940320168399694
892 -0.05587556697923901
893 -0.32599737200865775
894 -0.08447070207165552
895 -0.059558096754415146
896 -0.050157687689079467
897 0.0715698208075537
898 0.020291594359832743
899 -0.1269287324182642
900 0.0638794245645613
901 0.20163929570566097
902 -0.018497315450133556
903 -0.2151904883389193
904 -0.09220576236339184
905 0.011338439521125565
906 0.12548948102880786
907 0.14315435223971917
908 0.0647881562144903
909 0.15858304888450903
910 0.3035175452469616
911 0.25357827760575447
912 -0.06506263358539854
913 -0.045093078104741835
914 0.03936423498703334
915 0.12752716247831586
916 0.020939616363477853
917 0.11724112645310925
918 0.19842148633063061
919 0.35762714634574877
920 0.41549476343800507
921 0.5444444163802586
922 0.262395180957526
923 0.07556709367935355
924 0.12664704116440362
925 0.30326914278498407
926 0.4263737510987653
927 0.19658500701154935
928 -0.06406153484158494
929 -0.2420736450133063
930 -0.07041000919048201
931 0.2136832303964411
932 0.28687487871906114
933 -0.03315448699765966
934 0.10746264364973968
935 0.1502649531016118
936 0.13554225546357657
937 -0.009293464919323924
938 -0.15248377979321504
939 -0.1448870447922559
940 0.09142351464794274
941 0.13819478990228617
942 0.16953397822862826
943 0.2614447748330804
944 0.4001649975931514
945 0.18089184706468586
946 -0.0029610053844066897
947 0.0073619387475787335
948 0.07849217641887662
949 0.03534649093552389
950 -0.002693658929558751
951 0.08715842805281682
952 0.09854789206713122
953 0.12098815952822406
954 0.11632610298016743
955 0.23069689839917373
956 0.39873900604106893
957 0.037477302109778066
958 -0.16160523714899
959 -0.251927411909719
960 0.006722401525678379
961 -0.04086056905504165
962 0.18365656751984716
963 0.09203008164479343
964 -0.029427641672782556
965 0.09305502577706193
966 0.21641075179326208
967 0.20273647410130025
968 0.08816601709690985
969 0.06762601462179418
970 0.14426972123658288
971 -0.01451675145739273
972 -0.06523635040576892
973 0.09087277566061402
974 0.08244405103425834
975 0.014674312267516143
976 0.18368281798422004
977 -0.018273103738579266
978 0.02884526598006687
979 -0.06498458686957065
980 0.013281527158653716
981 0.08782924640405554
982 0.15130727752108442
983 0.25800821821201225
984 0.1384758095834968
985 -0.09141171217436295
986 -0.0192052248162895
987 -0.01062135585618762
988 0.17821551549707237
989 0.29965617689924784
990 0.19800198860309592
991 0.08664746148622271
992 0.08547863253744481
993 0.17739444615966704
994 0.28159445509948
995 0.19281785324716338
996 -0.15947260626364823
997 -0.17527346166031066
998 0.004361383981972722
999 0.0937817257784559
1000 0.04354897291904081
1001 -0.18728936683248776
1002 -0.15705235626353442
1003 -0.09345587056560589
1004 -0.0017633439363180514
1005 -0.05837991462129821
1006 -0.062206890302149986
1007 0.08092530949846832
1008 0.2103031092577794
1009 0.1425235282426911
1010 0.10776906988047585
1011 -0.0433993070656129
1012 0.0885723563824854
1013 0.1247004158586833
1014 0.13772263855315714
1015 0.03805692193191135
1016 -0.1508144670659135
1017 -0.16345502229233944
1018 0.015570197912779804
1019 0.11396589265615376
1020 -0.025778785055422304
1021 -0.01974472192432586
1022 0.015164484307547355
1023 0.16315205167046543
1024 0.18020547635262574
1025 0.13662163218731393
1026 0.2301361585608106
1027 0.21529182850906636
1028 0.20987837975377488
1029 -0.0032353299114333822
1030 -0.06503165662019228
1031 -0.0674826806067017
1032 0.012710050144278284
1033 0.0027435142399099277
1034 0.08746795851317302
1035 0.2103550998940591
1036 0.26117131635749047
1037 0.28725053439848125
1038 0.196478984540704
1039 0.24630438946064714
1040 0.2510956803802742
1041 0.18451018928828944
1042 0.12868918086729764
1043 0.11360321205728496
1044 0.08017824531037832
1045 0.12655048970640337
1046 0.34140359113752083
1047 0.48016577175889097
1048 0.35405414535796353
1049 0.1585349074593978
1050 0.139835158394078
1051 0.1628175916158625
1052 0.06439519722897558
1053 0.07430372727890244
1054 0.06599567407238283
1055 0.019088874909073184
1056 0.030739231845473114
1057 0.06480805584646987
1058 0.16282957863290903
1059 0.04127084894338395
1060 0.08285982277720905
1061 0.21828789765129386
1062 0.2870367618136811
1063 0.3015826045310064
1064 0.2038874916887039
1065 0.20224560654656898
1066 0.1200488941186677
1067 0.19909163058400736
1068 0.2486414040468503
1069 0.37359125470783283
1070 0.404553697989968
1071 0.16224054340881366
1072 0.012732104226074625
1073 -0.07027863624790598
1074 -0.012297635210586577
1075 0.17075271200621955
1076 0.40100892218691797
1077 0.35477065981103806
1078 0.03515749593094597
1079 -0.10661287337262593
1080 -0.12066655584567343
1081 -0.06528617721875207
1082 -0.005049292773264824
1083 0.11357574140532734
1084 0.29849944671082085
1085 0.14656493693320272
1086 0.006013399794937868
1087 -0.014026467043663615
1088 0.01647492211327517
1089 0.10616173148093822
1090 0.2886615210838954
1091 0.24449314724523674
1092 0.15320697960743246
1093 0.048566414371862265
1094 -0.05992801003748127
1095 0.07571998503902932
1096 0.05499914007197049
1097 0.23713958450167638
1098 0.24095672318247807
1099 0.3508921525443043
1100 0.29166562407215224
1101 0.08624018737845063
1102 0.052541903306121185
1103 0.00898596962792908
1104 0.015318269434544618
1105 0.09120527873608353
1106 0.09780260148357911
1107 0.2391832729139196
1108 0.3543983895930296
1109 0.2893583601907608
1110 0.0669803711502368
1111 0.029557965851154222
1112 0.056937205930296386
1113 0.038632927499293146
1114 0.12014251761286232
1115 0.11268116499917369
1116 -0.03018240396050942
1117 0.18119494745042175
1118 0.20136589522923032
1119 0.2749201634333076
1120 0.2347829874930767
1121 0.12054896066769061
1122 0.004747907661851514
1123 0.02966471032272011
1124 0.1535072080832265
1125 0.2214498022219118
1126 -0.020046149124596013
1127 -0.17597251022300497
1128 -0.04422920217552928
1129 0.11601748517205124
1130 0.16397620950914416
1131 0.23699928972985163
1132 0.2722532477054642
1133 -0.035136940624681756
1134 -0.18534196533522618
1135 -0.0416055764424641
1136 0.02784753831872422
1137 0.12062427479497728
1138 0.0994760308544187
1139 0.17519888755947477
1140 0.19444854399779388
1141 0.23138147102241646
1142 0.2313889294733258
1143 0.12465952522870793
1144 -0.004128087343985953
1145 0.12088319801932812
1146 0.2860950366076622
1147 0.32871543807959824
1148 0.18633624668058246
1149 0.24224346089539495
1150 0.16045091447017512
1151 0.03401829852913352
1152 0.1072128352785171
1153 0.1396456027904378
1154 0.35123227667412493
1155 0.3344020597113513
1156 0.10279195534695873
1157 -0.006058907162355354
1158 0.07691381283910914
1159 0.06683357141184842
1160 0.08715608154273013
1161 0.22598230087953652
1162 0.173466267601043
1163 0.12243181351192334
1164 0.1571647939016998
1165 0.26748696568915875
1166 0.21721333586685887
1167 0.14925196508386307
1168 0.18517957314423938
1169 0.11347455271999252
1170 0.21078558730283703
1171 0.2540523668918695
1172 0.15652706817991202
1173 0.20571497334094602
1174 0.11079236818716254
1175 0.026669655930561476
1176 -0.12529462305673178
1177 -0.14402022022875371
1178 -0.06038483364886815
1179 -0.08995273850058538
1180 0.019424475739072022
1181 0.1821139777768508
1182 0.23075778223960697
1183 0.063723523029239
1184 -0.02778724055542625
1185 0.13532169725334597
1186 0.15779065013680338
1187 -0.0733492573648391
1188 -0.17075826713437436
1189 0.012976234994766855
1190 0.286904226117656
1191 0.3404885616766933
1192 0.14308381362195632
1193 -0.013989004160464447
1194 0.15570033194228472
1195 0.36375500961435137
1196 0.28608253855713883
1197 -0.02662949185889829
1198 -0.04500219600566879
1199 0.0829758541202068
1200 0.24040812050265004
1201 0.21208796839476918
1202 0.2752333634417141
1203 0.17592340284772945
1204 0.1227625009358917
1205 0.0669427390561168
1206 0.06870599726562432
1207 0.11993730034686223
1208 0.225961590931945
1209 0.26533904537984654
1210 0.3562192729621074
1211 0.32130550299598326
1212 0.02923435271395647
1213 -0.4398398005651529
1214 -0.3991304723129474
1215 -0.1870338872599291
1216 0.0007761600062963225
1217 -0.039551425411502805
1218 0.07901781904234895
1219 0.27846167474825734
1220 0.26061397436592415
1221 -0.05792165458183263
1222 -0.1504442589084647
1223 0.005518808868885117
1224 0.02600389213341714
1225 0.02037413921289044
1226 0.36297645831132286
1227 0.44055963712736457
1228 0.07260427548987991
1229 0.02889714547160338
1230 0.21817381990933882
1231 0.04262911119178625
1232 -0.19384254079017182
1233 -0.25617657199865107
1234 -0.04737380896619925
1235 -0.041731789338086855
1236 -0.007537916968431091
1237 0.12810209044738485
1238 0.24153882654331937
1239 0.19505394735944037
1240 0.07395164915647001
1241 0.0785362438739412
1242 0.03775747210920599
1243 0.18486305700912453
1244 0.2130117967921592
1245 0.08987764217511085
1246 0.017781474540356612
1247 0.13341553400493922
1248 0.4048115601978566
1249 0.3683759785636198
1250 -0.013601174848304254
1251 -0.22701492669722256
1252 -0.0667198752233844
1253 0.04430937550245062
1254 0.3369984663698915
1255 0.22630730701956736
1256 0.007790561443471233
1257 -0.11541439769428052
1258 -0.9572542843207543
1259 -0.9338109935201828
1260 -0.5588512543868092
1261 -0.5129400853966217
1262 -0.37489771064542765
1263 -0.19281505763581208
1264 0.09592263330335982
1265 0.07306845588175293
1266 -0.32803225846726036
1267 -0.4050666665168592
1268 -0.45183403464619687
1269 -0.34410242595907903
1270 -0.22552922333937886
1271 -0.1444887939946966
1272 -0.27802305237401015
1273 -0.14890798048651277
1274 0.0012666453084761997
1275 -0.2389333414702719
1276 -0.1297580577898998
1277 -0.09724374842255656
1278 -0.09585581138270527
1279 -0.02269281352954522
1280 -0.04486528959120051
1281 -0.06978915180457079
1282 -0.043113782975297
1283 0.1728549082807831
1284 -0.25533399844903215
1285 -0.5936950555170597
1286 -0.43889048559509547
1287 -0.477494321911081
1288 -0.23499900344444313
1289 -0.03815723763858614
1290 0.07445230804660241
1291 0.09519623700015245
1292 -0.18031201364254912
1293 -0.3183471959497979
1294 -0.29240900698124506
1295 -0.23912531733850528
1296 -0.1042631824586806
1297 -0.1497158390628215
1298 -0.028443489286075874
1299 -0.04044000875671827
1300 -0.06754676624700551
1301 -0.005873119270859206
1302 0.14554260722513845
1303 0.06761584306531176
1304 0.11403731837509667
1305 0.20503754063895485
1306 0.30189623199765947
1307 0.19314473911197183
1308 0.04072994797206775
1309 -0.10263547412608887
1310 -0.17472656934410224
1311 -0.14012801976247147
1312 -0.004054020349485654
1313 0.12588701958600268
1314 0.12283353522383322
1315 0.08450028288666545
1316 -0.028598619695344496
1317 -0.03908465356619217
1318 0.028616918717432327
1319 0.02514735640914978
1320 -0.15369655940452276
1321 -0.09697231130905948
1322 0.06967710656073223
1323 0.09794123566894086
1324 0.1823131112761871
1325 0.11028639856778
1326 0.11139672153103675
1327 0.08520600909594123
1328 -0.02290158031809142
1329 -0.06309149051588747
1330 -0.05217740988177866
1331 -0.029129994875745524
1332 0.16376490448965342
1333 0.11352961097918524
1334 -0.028907989319350236
1335 -0.024208028239740997
1336 0.12114932922861499
1337 0.2388948510617297
1338 0.20643974167785473
1339 0.06355498084087685
1340 0.20865771959171298
1341 -0.01447968365852148
1342 -0.3968497912539988
1343 -0.24393375305606924
1344 -0.07199672142581903
1345 0.0558981293035572
1346 0.21433788341374793
1347 0.08662409171682839
1348 -0.2881377549415447
1349 -0.31297486040750755
1350 -0.17843083069379873
1351 -0.10391804498902957
1352 -0.08179729585407358
1353 -0.1546380387330828
1354 -0.24945694617639447
1355 0.15284914989200615
1356 0.11208288175021153
1357 -0.11002396689139005
1358 -0.1473398098924008
1359 0.0055440298498297125
1360 0.21344093628039218
1361 0.25429630878574017
1362 -0.009020863483840458
1363 -0.11628658873581799
1364 -0.10404145164983447
1365 -0.07642357744583705
1366 -0.051381095957992784
1367 -0.1059673684419522
1368 -0.08360267964042123
1369 0.05851843177418914
1370 -0.1645105178463382
1371 -0.07543870772229866
1372 -0.0726887517064938
1373 0.003769776929971158
1374 -0.018603159916210643
1375 0.07726207297486098
1376 0.0893505804727397
1377 -0.17594093002406908
1378 -0.20874301248977645
1379 -0.1259000181927945
1380 -0.03182106110324412
1381 0.05014936993546826
1382 0.20825152147591552
1383 0.10732263087868432
1384 -0.3373575707750547
1385 -0.3053608307936315
1386 -0.27322196071690996
1387 0.014002015563733039
1388 0.07221884561266734
1389 -0.05289801084421697
1390 -0.06887350095109923
1391 -0.0289910069408279
1392 0.28258207351802866
1393 0.3729353132933966
1394 -0.04103901311259506
1395 -0.22543911427328567
1396 -0.19292042622396366
1397 -0.07492458446085948
1398 0.09903761992251248
1399 0.31924876169131267
1400 0.2316043549814708
1401 -0.1492903828004728
1402 -0.10193979085676119
1403 0.11348286867377055
1404 0.08438439584409707
1405 0.17572091509794063
1406 0.27388576082398686
1407 0.2954877572055352
1408 0.20787209822378827
1409 0.10941781493829694
1410 0.0655539927018367
1411 -0.058625804982455065
1412 0.14349788151861276
1413 0.10814477606743367
1414 0.00887644989927594
1415 0.061698435161531506
1416 0.0792697284259134
1417 0.21285312487401598
1418 -0.10250603074177889
1419 -0.15813056698260652
1420 -0.025135838996732218
1421 0.15646292291484087
1422 0.12781320520599593
1423 0.1628605775291021
1424 0.26715069440729167
1425 0.07868531567595483
1426 -0.020546218069455335
1427 -0.049108470142300575
1428 0.05169581637380816
1429 0.18667674780857624
1430 0.042935593723825605
1431 -0.22585472033688347
1432 -0.2593020868403073
1433 0.007921970816653356
1434 0.20756684251443858
1435 0.13535923124470628
1436 0.036954071231150465
1437 0.16498877556097113
1438 0.18326187769315538
1439 -0.1522453403263171
1440 -0.11073019173608145
1441 0.1312154142141253
1442 0.21003626958548693
1443 0.054442581245950805
1444 -0.19218502237339408
1445 -0.15326228413050558
1446 0.16113283438727422
1447 0.3584703928646604
1448 0.27814164254226625
1449 -0.03205090051079651
1450 -0.19080324415983796
1451 0.08655281085430033
1452 -0.630174974071906
1453 -0.571223116489648
1454 -0.2842542169781268
1455 -0.364569467251215
1456 -0.3220104432041353
1457 -0.2588619073472387
1458 -0.15043505079250963
1459 -0.21022348699943905
1460 -0.15007380091458344
1461 -0.09475746536662655
1462 -0.11686457056913468
1463 -0.09238953223734825
1464 0.11424132161050693
1465 0.032678767989523294
1466 -0.10862931778478924
1467 -0.0430178782406756
1468 -0.029021760654416084
1469 0.039827056363833435
1470 0.05640849307025064
1471 -0.0025644404387890063
1472 0.0678855631936699
1473 -0.07182393207818905
1474 -0.008200699518624788
1475 0.001459879412209375
1476 -0.24897865940829433
1477 -0.23479018166977994
1478 -0.22625513505101935
1479 -0.14505314541924008
1480 -0.3648945173000584
1481 -0.1385694792676304
1482 0.029416109575208793
1483 0.0832662258432606
1484 0.1016418173717284
1485 0.2630545471230903
1486 0.165328690380818
1487 -0.18218368648615524
1488 -0.26888630138722647
1489 -0.2403484477154052
1490 -0.06269445592215561
1491 0.004349405661230321
1492 -0.08994060368360124
1493 0.0731654778057873
1494 0.015545861432144648
1495 -0.07418105476943992
1496 0.08810579064731883
1497 0.15968510807755365
1498 0.2923895698805268
1499 0.14977915853711465
1500 -0.19953273050373355
1501 -0.1613247968284668
1502 -0.013255798154887088
1503 0.17832968547355676
1504 0.33734979763011097
1505 0.12719255923832407
1506 0.060394186555868146
1507 -0.04862070754643355
1508 0.039599485582698435
1509 0.11191780447768451
1510 0.0024826920374607653
1511 -0.11299316520347702
1512 -0.033946668580995265
1513 0.2936846098395449
1514 0.22558172916791364
1515 -0.10023127733722959
1516 -0.1877165753959389
1517 -0.05634831155265374
1518 0.21697931616262167
1519 0.22977424321175022
1520 0.07393975140684006
1521 -0.09842342998797449
1522 -0.061390725197497886
1523 0.13841800158195383
1524 0.018742280314597792
1525 0.0193511046356889
1526 0.07575183791385598
1527 0.21004894575224853
1528 0.3952999297555948
1529 0.23323329439648433
1530 -0.16340514819478358
1531 -0.2688287262285485
1532 -0.09461639345687445
1533 -0.017188511824087982
1534 -0.07347309405173519
1535 -0.019601557601731656
1536 0.2009658555787155
1537 0.3927517369072575
1538 0.18203694044291296
1539 -0.13847212545232424
1540 -0.1307193985804247
1541 -0.1666403169365367
1542 -0.18373963912796398
1543 -0.11187117441386363
1544 -0.07671480877530712
1545 0.13364393067485025
1546 0.3305943046264588
1547 0.13433741878964156
1548 -0.13142247820803732
1549 -0.10678042837702151
1550 0.08063850601485001
1551 0.14833108674656614
1552 -0.031076332663189987
1553 0.11695900746991583
1554 0.17838493969117053
1555 0.11248282063161241
1556 -0.016297794745526062
1557 -0.015137898117757231
1558 0.050808498596552454
1559 0.09721414911433612
1560 0.019953659191173756
1561 0.0633732051884408
1562 0.09884726380676057
1563 0.21254009147025954
1564 0.08954072950837144
1565 0.03607299607187997
1566 0.13005639891497367
1567 0.01978731787619381
1568 -0.029107238436154148
1569 -0.05258605571719954
1570 0.11280769480708841
1571 0.12044572825777777
1572 0.011263699476273814
1573 0.09510265776640381
1574 0.010458442151104919
1575 0.023059455277632424
1576 0.0731622555944682
1577 0.11780546542786396
1578 0.20842488487954824
1579 0.25225834800642133
1580 -0.010263667046331193
1581 -0.1799342127274599
1582 -0.18703959943462678
1583 -0.05045020902178976
1584 -0.03262847693542881
1585 0.07020597460325462
1586 -0.08055015261066956
1587 -0.1353013380303878
1588 -0.11460087113090367
1589 -0.18533674680566037
1590 -0.09274318805148596
1591 -0.1215902542440972
1592 0.21373157946669608
1593 0.18663371245662574
1594 -0.012229307780614818
1595 0.01380734968466868
1596 0.01591815766232685
1597 0.0954865771822142
1598 0.1991996669930245
1599 -0.06531309896581661
1600 -0.5800243356900978
1601 -0.23348485007352338
1602 -0.12466114934608186
1603 -0.2102174688296259
1604 -0.2155465511731336
1605 -0.1636887564965832
1606 -0.008083732655620679
1607 -0.10879720068498955
1608 0.18071229962100688
1609 0.234340586354449
1610 0.047078571462066066
1611 -0.11577345403600248
1612 -0.173289722460936
1613 -0.027055415439633634
1614 0.04829538810668055
1615 0.11841529971422915
1616 -0.02616337881056552
1617 -0.2100322267658612
1618 -0.1476294674751557
1619 -0.011565579928401348
1620 -0.1767670170561928
1621 -0.15357872674138662
1622 -0.1598526252109309
1623 -0.0993010786311288
1624 0.043083349294704476
1625 0.20914801009115536
1626 0.017841597614562943
1627 -0.030642320712786386
1628 0.02289399724878649
1629 0.09900305493607675
1630 0.00788427990062246
1631 -0.21034488210318614
1632 -0.164930036327803
1633 0.003186736125826428
1634 0.017439641431792552
1635 0.08000484934888163
1636 0.16254909805246598
1637 0.027058542555323584
1638 -0.07754248579720979
1639 0.10388649529306804
1640 -0.05928298219231465
1641 -0.6604918684788572
1642 -0.3784419757737396
1643 -0.02456397428125001
1644 0.13990367371150114
1645 -0.17832123949233392
1646 -0.27655544053885706
1647 0.028613790736244482
1648 0.028305372106160576
1649 -0.17814316281095444
1650 -0.16770549244068889
1651 -0.10287724099418938
1652 -0.09874392721354752
1653 -0.0814529481892805
1654 -0.04379066982329505
1655 0.17852543968371037
1656 0.017023024100581097
1657 -0.021621333112648244
1658 -0.2279046081157503
1659 -0.2680286155648446
1660 -0.17223731863185776
1661 -0.1864318397487068
1662 -0.18589667042641622
1663 -0.061376714359482776
1664 0.09726051271064762
1665 0.1012425372857706
1666 -0.0772873782869965
1667 0.15147712214428566
1668 0.28284971049544083
1669 0.15135831822931323
1670 0.05790654560854591
1671 -0.0274198920204185
1672 -0.16559569856758571
1673 -0.15949104970638928
1674 -0.19104214049986012
1675 -0.15645524187300452
1676 -0.017918316081136254
1677 0.012941006526091314
1678 0.08224243562972333
1679 0.02067857790115113
1680 -0.016087739385170607
1681 -0.22783356163893131
1682 -0.25493719775880663
1683 -0.200804173124709
1684 -0.10398892161850881
1685 0.010528536357014673
1686 0.24467428165797855
1687 0.01608336055193149
1688 -0.10880302221966076
1689 -0.20204990419307478
1690 -0.18296251803678842
1691 0.04512496580446168
1692 0.13716833822502394
1693 -0.33026099025522626
1694 -0.3985604368153872
1695 -0.14123827033506586
1696 0.03147500898705857
1697 0.0016256530211080644
1698 -0.018948900129942103
1699 -0.00868469258892901
1700 -0.09409829096227895
1701 -0.10652053799537953
1702 -0.037845879308861186
1703 0.12517668314029606
1704 0.32184454104464066
1705 0.08899265616327057
1706 -0.06583329391753523
1707 -0.16338100463718774
1708 -0.007999651017541964
1709 0.07339419783818357
1710 0.05623085680247186
1711 0.017084473792237986
1712 -0.1395694407940482
1713 -0.17401818729399565
1714 -0.06566301771550798
1715 -0.011255973778759198
1716 0.2650552787404763
1717 0.2671679043983204
1718 -0.05257140754559941
1719 -0.2872518639064765
1720 -0.33137487668312815
1721 -0.12922148596663874
1722 -0.05778415175302598
1723 -0.0746373354469938
1724 -0.17450558256149407
1725 0.05649163744726593
1726 -0.0229146285639672
1727 -0.14418087022579584
1728 -0.16748525828182892
1729 -0.08803986953796539
1730 -0.034586601888236146
1731 -0.07548899402473808
1732 -0.003845592489028604
1733 -0.08572560376956062
1734 -0.06012118030474767
1735 -0.16550570724405134
1736 -0.03669470843504996
1737 -0.05016698513486517
1738 -0.1089081812956465
1739 -0.04450497178260093
1740 0.08330270709990373
1741 0.11481895662797115
1742 0.029529627892941335
1743 0.18830053931839075
1744 0.10962245057243081
1745 -0.02960103491176369
1746 -0.019887990110873943
1747 -0.05278012776631158
1748 -0.09986674537765339
1749 -0.19765901811427966
1750 -0.32084122373663604
1751 -0.21097097023169908
1752 0.054137548373262234
1753 0.007923399251581031
1754 -0.000992224774904571
1755 0.04076356288578609
1756 -0.004911827061505392
1757 -0.13844064665477163
1758 -0.2520405799637615
1759 -0.22929559744085282
1760 -0.2457586318780045
1761 -0.393708954629858
1762 -0.7448356267276495
1763 -0.3319712696189754
1764 -0.014517257394118133
1765 -0.24886918444752837
1766 -0.3222363435335751
1767 -0.1512057064329042
1768 0.10523517424013562
1769 0.13190647501551211
1770 -0.08275901759020599
1771 -0.055806230776170196
1772 0.07853654188869541
1773 0.11459020964463207
1774 0.019692007888693297
1775 -0.18478921082294164
1776 -0.1695795572619545
1777 0.0005238491514205634
1778 0.06977213256453751
1779 0.2523134507785585
1780 0.20807400341396942
1781 0.16530976146628973
1782 0.14073909767239456
1783 0.0747265344899688
1784 -0.04041385687867205
1785 -0.05741795866310895
1786 -0.15310177367121014
1787 -0.20254997312264322
1788 0.07756613148700353
1789 0.05448313433112162
1790 0.02151845574098843
1791 -1.9879787487298017e-05
1792 0.03651279273435648
1793 0.04457471272638713
1794 0.01058497003600678
1795 0.036875860323846155
1796 0.0017223180682890415
1797 -0.08488684648841627
1798 -0.00212625264879307
1799 -0.1659190508607935
1800 -0.1676912688915877
1801 -0.08088685913287463
1802 0.027087165630916843
1803 -0.05891671444771873
1804 0.04560206617094309
1805 0.05786693850211577
1806 0.08561445379666566
1807 0.08423547798042819
1808 0.02311210796784735
1809 -0.2547164928046186
1810 -0.1907323107426464
1811 -0.32876479404541215
1812 -0.28310479224427354
1813 -0.3286285987263682
1814 -0.268513333936653
1815 -0.7044125165373316
1816 -0.5675953890695951
1817 -0.46540033950026327
1818 -0.36689931957840827
1819 -0.311696257059225
1820 -0.22092174419952926
1821 -0.2552114235703016
1822 -0.04507363160348632
1823 -0.09737357838218941
1824 -0.18452485727243584
1825 -0.17770690948736956
1826 -0.1666584343340105
1827 0.08483697716491179
1828 0.29565925402579296
1829 0.41109071298853905
1830 0.11561882224089004
1831 -0.27688600081654613
1832 -0.2780431797799565
1833 -0.11702330316575171
1834 -0.14046908364372257
1835 -0.473037584245958
1836 -0.26533945059350117
1837 -0.18406465508826386
1838 0.0009097877310750846
1839 0.13343179115776138
1840 0.08577487093111813
1841 -0.13996694610358418
1842 -0.01668596285918511
1843 -0.024632272746089257
1844 0.049376723350974316
1845 0.1291211316744807
1846 0.12390089015474359
1847 0.020363613336940034
1848 0.0019690278851953735
1849 0.015189507134607538
1850 0.15202679827979182
1851 0.16500662290388846
1852 0.24492759673023556
1853 0.10087715578612233
1854 -0.22514649198558345
1855 -0.22284758108406777
1856 -0.10030413272380656
1857 -0.01932281559339799
1858 0.1779699093627869
1859 0.07711190774375609
1860 -0.14815444770852082
1861 -0.00918041426535865
1862 0.1579435284900228
1863 0.2542149726735943
1864 0.2956861006637723
1865 0.035485591997655774
1866 0.054823139978338986
1867 0.3894519771379237
1868 0.19816820438677496
1869 -0.28119302581058037
1870 -0.2610600597739676
1871 -0.08769698760801248
1872 0.009037042069110157
1873 0.0765863095508621
1874 0.13446652218402733
1875 0.2705383919607698
1876 0.14351397820763623
1877 0.0695647020954766
1878 0.14958795028110217
1879 0.06804670816751468
1880 0.016970197176533475
1881 -0.07021386838755461
1882 0.019355301656389656
1883 0.1939830074799147
1884 -0.16888570947594417
1885 -0.4002277930607647
1886 -0.4583520081044412
1887 -0.29561601247775116
1888 -0.07127853295207842
1889 -0.041790533354230774
1890 -0.11317504504620501
1891 -0.12271110056224188
1892 -0.05682512701292808
1893 0.06560472474495782
1894 0.011700022264960808
1895 -0.11054783716372185
1896 -0.12397755056690585
1897 -0.08175433549507716
1898 -0.052572918549287806
1899 0.01761629831258915
1900 -0.027430333521692774
1901 0.17684071795304135
1902 0.3454576488113048
1903 -0.15557762846043488
1904 -0.37201946108922357
1905 -0.19831396955123637
1906 -0.07563909695932125
1907 -0.1301519049082458
1908 -0.04210390755571325
1909 0.2077072171416603
1910 -0.1334916226793439
1911 -0.30810542202226543
1912 -0.40367590893015404
1913 -0.4402355627650536
1914 -0.14816849224598627
1915 0.10541966507952338
1916 -0.13424272966051376
1917 -0.3659593743578853
1918 -0.3761590210892223
1919 -0.27786720762588857
1920 -0.2815202580304117
1921 -0.24600207752968117
1922 0.005119763597292604
1923 0.012085279873417676
1924 0.05465992924246166
1925 -0.16177967500476598
1926 -0.19057875134518554
1927 0.13018228266105325
1928 0.07472071469442199
1929 -0.15084810634402857
1930 0.03325377016005859
1931 0.10657583793351932
1932 0.18220068454172633
1933 0.17434182698917766
1934 0.20482166324364925
1935 0.10414660632682171
1936 0.1999719632593724
1937 0.3986505678437311
1938 0.321693244267351
1939 -0.07564734490034652
1940 -0.06841857960012021
1941 0.028749940893135317
1942 0.1332548806474847
1943 0.3112146676464249
1944 0.43000527384930365
1945 0.28451322117740574
1946 -0.09335835833826422
1947 -0.06433651907252624
1948 -0.04123701661484347
1949 0.07439694598781443
1950 0.12755687927096915
1951 0.41102010370025255
1952 0.2038740998037838
1953 -0.07312284293595894
1954 -0.036137445469080376
1955 0.1316338102171244
1956 0.30725913996366216
1957 0.18182778534094268
1958 0.12679421976366712
1959 0.26810308939604965
1960 0.22585546509736787
1961 0.017649713713296933
1962 -0.10736383175259334
1963 -0.3270597779539912
1964 -0.2873399275120505
1965 0.02925763035466389
1966 0.11182390897397454
1967 -0.026296114293529627
1968 -0.1312665391079122
1969 -0.07266463162250147
1970 -0.03132433904352183
1971 -0.04153630228762495
1972 0.026205258202821824
1973 0.15740045844609085
1974 0.23152702165714345
1975 0.20280915359870733
1976 0.10187425318684973
1977 0.06801784699831614
1978 0.28099200399805113
1979 0.5468787574325802
1980 0.6134292412264131
1981 0.3842639503566829
1982 0.19054410660766052
1983 0.2881600205973882
1984 0.31705641663842243
1985 0.14353313307265125
1986 0.20533396339624232
1987 0.12598816954158565
1988 0.24392703389077042
1989 0.42231654741090097
1990 0.3785120639355455
1991 0.2830652975520138
1992 0.28902346009851954
1993 0.3790543050046722
1994 0.3150692827426269
1995 0.16932740168346072
1996 0.09112043075401743
1997 0.4143627133382779
1998 0.616729673503869
1999 0.7724397449053413
2000 0.6227339319254384
2001 0.38556354816307703
2002 0.46084182186871203
2003 0.48873871476001796
2004 0.5125067707176072
