850 0.22426321128932614
851 0.2449118638793948
852 0.2512989963316272
853 0.10334546620197216
854 -0.07888729183218857
855 -0.038613161314458466
856 0.09430454904338603
857 -0.02539582471695212
858 0.07721573756646194
859 0.14174765413469004
860 0.17846318736201283
861 0.22104559726903972
862 0.4169734745523783
863 0.12270207484840512
864 -0.03317264819213506
865 -0.0006336892884633016
866 0.08839842841661039
867 0.2810312972669067
868 0.10345794336012659
869 0.1010305385917718
870 -0.15622302838096402
871 -0.10486494063604823
872 0.05103867740388068
873 0.0742394500859973
874 0.05825158714043255
875 0.10414580645982596
876 0.050224651830831135
877 0.08372764508629871
878 0.11246689838930024
879 0.14507136602969695
880 0.12517053743135875
881 0.11391907924524958
882 0.01970150030882678
883 -0.05351772601306948
884 0.1197291327883363
885 0.04167779751321632
886 0.0778977367550624
887 0.10397987228583361
888 0.15084823138238335
889 -0.03435331912601214
890 0.11302912205599114
891 0.16508636381115593
892 0.15257618161382425
893 0.02066876373720561
894 0.11172499023712135
895 0.0673759078264311
896 0.08741700320405243
897 0.0029363426966710904
898 0.07043874319793986
899 0.09599548806033908
900 0.06856874162366466
901 -0.20453994733367153
902 -0.27753081019619685
903 0.0288128875122311
904 0.04734014523080532
905 0.24492081113589848
906 0.15977969909079093
907 0.05416916659811477
908 0.10744562796003265
909 0.1096669667837773
910 0.08548362640448204
911 0.160593524364117
912 0.1660452310012488
913 0.10484986109861438
914 0.24179028325448826
915 0.2944820783448563
916 0.2199252670073406
917 0.19815769909729397
918 0.2409897900240594
919 0.30435011576565785
920 0.23330553497487472
921 0.027156918947923714
922 0.31099586936721835
923 0.28952160964774976
924 0.27550981588012746
925 0.20961116561068138
926 0.25994706406459045
927 0.29609997364781293
928 0.24717179813495704
929 0.19571037941307168
930 0.2993532007140516
931 0.22842213343454887
932 0.1711168335298794
933 -0.1815408292579832
934 0.010290162905278066
935 0.10531912565818402
936 -0.08007422315057511
937 0.06232665394958303
938 0.1540225412746281
939 0.09999122762883417
940 0.18359726699975454
941 0.23338976021500457
942 0.2953293611601566
943 0.1924911906975808
944 0.2354030027976819
945 0.03090955924182026
946 -0.010555971436019718
947 0.09044493699195755
948 0.29534672372426485
949 0.13886355126328453
950 0.0913548657880483
951 0.1236687910665637
952 0.034619203069951254
953 0.20584318183773576
954 0.18001817217390226
955 0.22319032415492757
956 0.26069896371444656
957 0.2969696178187178
958 0.21554673554652481
959 0.24216711696601578
960 0.23057216014359483
961 -0.07064209074582095
962 -0.12694617188333268
963 -0.07380291804855688
964 -0.027194295531273838
965 0.21499089264546
966 0.09830661848633326
967 -0.08837236735911347
968 -0.0196502130492604
969 0.1038494185017953
970 0.23048401978508082
971 -0.04409825936755851
972 -0.16595615317646661
973 -0.018131102687561906
974 -0.04594352207436714
975 -0.04275340481251533
976 0.1847345341250275
977 0.17785797547492166
978 0.1202395509839107
979 0.19105038625463067
980 0.09986196222871513
981 0.08903832784039878
982 0.2578052109714122
983 0.21971515873076441
984 0.20731100394652913
985 0.02489321380170395
986 -0.03868053880330535
987 -0.06901461335746717
988 -0.011353264678177766
989 0.11548968561794482
990 0.2211992930721749
991 0.15368237272116403
992 -0.08623897816511317
993 0.042601209020745046
994 0.002316004592955778
995 -0.1134717741018676
996 -0.014228335225027422
997 -0.017351866569811136
998 0.1299940661662049
999 0.29264508842339865
1000 0.1758999797966112
1001 -0.18715077985058315
1002 -0.1564024044368466
1003 -0.10502127538637751
1004 0.039256971290342335
1005 0.07404815669110576
1006 0.05899630678891299
1007 -0.07516117345744533
1008 0.09712308108237266
1009 0.31884021678661156
1010 0.27685269390633493
1011 0.06817964000413212
1012 0.06072824526381737
1013 0.04660721571480053
1014 0.37832500402333835
1015 0.3901336670527371
1016 0.1522189972314436
1017 0.1164901376207581
1018 0.13167818527551844
1019 0.21734193382940248
1020 0.1836176503040292
1021 0.08590246430969728
1022 0.07989679316517595
1023 0.01225059661726391
1024 -0.0029034198834665403
1025 0.08269167245344988
1026 0.2847794766631182
1027 0.10403141361047119
1028 -0.01642908475753302
1029 0.012948744111781707
1030 -0.0027496564200077955
1031 0.05876827041578281
1032 0.014333604600153649
1033 0.08453051963357439
1034 0.0998471578183171
1035 0.21837050604324304
1036 0.23271992244281137
1037 0.11737199224660344
1038 0.11483821786180215
1039 0.22895689127602736
1040 0.2570163210913279
1041 0.06243597101877185
1042 -0.03569871106242317
1043 -0.0015820399045765043
1044 0.06855681376498524
1045 -0.055398332753497925
1046 0.08743377539173025
1047 0.22436044110492048
1048 0.12889614394686078
1049 -0.016490857477037935
1050 -0.010978439524706118
1051 -0.011025863743043374
1052 0.0550584417957225
1053 0.09483133656243581
1054 0.17539416115357653
1055 0.1194573566781969
1056 0.20424245699456378
1057 0.3149091887431723
1058 0.11330885543208069
1059 0.1601705436809766
1060 0.13559521743405867
1061 0.20701108491959985
1062 0.0875698855563769
1063 -0.04799889983473804
1064 -0.03220797450705959
1065 -0.16350039479203815
1066 -0.04530428994377189
1067 0.25653215839696486
1068 0.17262402795574872
1069 0.16481300983048186
1070 0.1890212632015391
1071 0.24484241325717448
1072 0.2570757729980073
1073 0.05936437862027333
1074 0.08872480423639217
1075 0.20939893322974967
1076 0.33615938184300376
1077 0.21193807404546305
1078 0.1883521339105414
1079 0.2627497427639014
1080 0.3692288475914438
1081 0.07158730800949797
1082 0.05187661943500643
1083 -0.040570043766706476
1084 -0.026588493058056883
1085 0.04069176532129859
1086 0.0015334706433804968
1087 0.11972318225679146
1088 0.23148802660000456
1089 0.2616506539232546
1090 0.24256828175515466
1091 0.20085412550236015
1092 0.24616570675306093
1093 0.38332585917925144
1094 0.12942872506522463
1095 0.06250710486654043
1096 -0.01310415730307568
1097 0.21026270671552538
1098 0.28942300610646043
1099 0.025982633364890262
1100 -0.0779722198960826
1101 0.0442773240898191
1102 0.0804822570420356
1103 0.023490273136474116
1104 0.07275191028980998
1105 0.22731909573883513
1106 0.21105542342871786
1107 -0.0578557578356822
1108 -0.009940202050472635
1109 0.2128343989141399
1110 0.1672726628942769
1111 0.16050715493696543
1112 0.18683120400169173
1113 0.1962057261978316
1114 0.2227799515222273
1115 0.20389385006916427
1116 0.2967248919878216
1117 0.3413353457051471
1118 0.2661224244761229
1119 0.08535538604860449
1120 0.03193214403705724
1121 0.042206026051985646
1122 0.10483428756651847
1123 0.21156640649167002
1124 0.25546945610068406
1125 0.04577605537610907
1126 0.09573661589644189
1127 0.15036416429575183
1128 0.14494825938987788
1129 0.07228824842354697
1130 0.17392977300130497
1131 0.23020208918796925
1132 0.171720610261616
1133 0.020485738615263926
1134 0.03087388354089171
1135 0.23725155647349538
1136 0.3304299388604477
1137 0.22536541477506944
1138 0.10503309169718023
1139 0.19501809778705592
1140 0.21040803660798701
1141 0.13384824278188034
1142 0.1135855738307896
1143 0.3115183746778598
1144 0.2700402098043355
1145 0.0858582444374747
1146 0.03718886140489985
1147 0.03591181333814575
1148 0.042869577987687535
1149 0.19690351307372111
1150 0.18893952588757656
1151 -0.12629369098908683
1152 0.13157651130893555
1153 0.1330874044916186
1154 0.04804296161074717
1155 0.13428971767302755
1156 0.16144845542623898
1157 0.22728202634152694
1158 -0.07962408956785794
1159 -0.1006579171365729
1160 0.013126257277008335
1161 -0.004281340004638423
1162 0.06102553198138594
1163 0.09497374426496208
1164 0.22026244890992075
1165 0.15188991686130748
1166 0.03544816679431051
1167 0.0965713293197723
1168 0.3329994996271921
1169 0.30757725184594165
1170 0.2205727073102821
1171 0.12343130785149015
1172 0.03307081731861672
1173 0.05311100389900503
1174 0.2646327659692247
1175 0.20327915710174693
1176 -0.16680944251129404
1177 -0.39484369865414237
1178 -0.187745508519356
1179 -0.021088533199701942
1180 -0.0027957126339970273
1181 0.021482718723120797
1182 0.08409982739044608
1183 0.07324730412449298
1184 0.07912396725873805
1185 0.13128744774348888
1186 0.26893624632009505
1187 0.32050646412074
1188 0.2767679142687598
1189 0.08757119239783151
1190 0.17139393721055285
1191 0.07191409279505478
1192 0.031220465846331535
1193 0.17925855853223993
1194 0.34159954622384703
1195 0.1358066568636218
1196 -0.029761171070902037
1197 0.061358954895013085
1198 0.20150705994115015
1199 0.18453170049525625
1200 0.12982397807758161
1201 0.27080824358341715
1202 0.30248190789495766
1203 0.06584855141551316
1204 0.07753558082924883
1205 0.09379565655166289
1206 0.18390462436690314
1207 0.17503071922243407
1208 0.059157584413867426
1209 0.17206769975069847
1210 0.2788007536473174
1211 0.21422683955756838
1212 -0.00022647584643209484
1213 -0.38866885947038554
1214 -0.4566138138866336
1215 -0.30843796444526106
1216 -0.2297043466105606
1217 -0.18927243744292355
1218 -0.06094220618894042
1219 -0.045278474448082306
1220 -0.09738332386149295
1221 0.12627989230031744
1222 0.05195562761235806
1223 0.0005103846680185598
1224 -0.058918820991380016
1225 0.0750768222706597
1226 0.14823196445087206
1227 0.27888432963794685
1228 0.31308501136783207
1229 -0.09535449220470582
1230 -0.03965803122241596
1231 0.13869877631219651
1232 0.07720857744499199
1233 0.08101147647744256
1234 0.036807203642865716
1235 0.0667840581330097
1236 -0.010576269766318092
1237 0.021557069794312156
1238 0.12085120152653417
1239 0.22525248415422539
1240 0.23959970236364825
1241 0.09821947580610413
1242 -0.08731206152316418
1243 0.1179054099235941
1244 0.31860338174391245
1245 0.2705220108666708
1246 0.08461017628178524
1247 0.08185448683286722
1248 0.22196969018665413
1249 0.06562484794125112
1250 -0.017515866833264226
1251 0.01216150813428385
1252 0.08903278855086683
1253 0.1947768059834516
1254 0.011654651088576884
1255 0.1007025085098121
1256 0.31216807915956224
1257 0.31435607833299173
1258 -2.0456233596368634
1259 -2.4494727400974625
1260 -1.4375427854978398
1261 -1.0450988328987023
1262 -0.8279105092271379
1263 -0.4593211840141862
1264 -0.319645961851279
1265 -0.2421157424651028
1266 -0.3387091644875113
1267 -0.3323736175578915
1268 -0.32424146679682053
1269 -0.21762930334801922
1270 -0.19025174305033943
1271 -0.23320864191759938
1272 -0.2492527349975262
1273 -0.17220155293426842
1274 -0.22036554040147394
1275 -0.9065925247903124
1276 -0.9349958911524823
1277 -0.703985553918983
1278 -0.4470815190562121
1279 -0.2697625219633437
1280 -0.19622188735536383
1281 -0.16231851714161394
1282 -0.02769705022785729
1283 0.08652617429203247
1284 -0.7702477091848436
1285 -0.8573912506723218
1286 -0.5987811570326471
1287 -0.37674996988147313
1288 -0.3133568130287472
1289 -0.28610581925022416
1290 -0.21978042326696823
1291 0.0045540459928474775
1292 0.0737239052843961
1293 -0.06535802473098329
1294 -0.06347565106955244
1295 -0.0938554036054029
1296 -0.124970018999079
1297 -0.12382106356301392
1298 -0.1076539584347529
1299 -0.02508772686201155
1300 0.04558066437391517
1301 -0.0026038563015049476
1302 -0.055818865204741996
1303 -0.13533895600471624
1304 -0.0022662845034915335
1305 0.08125752855033852
1306 0.028467855142196186
1307 -0.17174283476526853
1308 -0.1048429462717877
1309 -0.07656265509154991
1310 0.030132455504656264
1311 0.12561191722295462
1312 0.11005539955158383
1313 0.001305131824210548
1314 0.04387810589923902
1315 0.025622385345172916
1316 0.1464631133924854
1317 0.1396072819758274
1318 0.19569352035284737
1319 -0.010773900138019599
1320 -0.04205434630802074
1321 0.08209764630026939
1322 0.006586565204827366
1323 -0.11695387748289932
1324 -0.043736032650770085
1325 0.047013799868693695
1326 0.17367071537120182
1327 0.07571590866177758
1328 -0.15350751756614045
1329 -0.2452118953354443
1330 -0.19709768840431252
1331 -0.16153255103233732
1332 -0.07071234240748936
1333 -0.1597724635618647
1334 -0.1586106680279613
1335 -0.0365645175231748
1336 0.24547648929626575
1337 0.06802412289545146
1338 -0.02849039738373449
1339 0.14290588120047687
1340 0.09621795911834852
1341 -0.3581264455069686
1342 -0.3610521867983607
1343 -0.17099233693778615
1344 -0.1752922130973502
1345 -0.04125279150031247
1346 0.056476181383118274
1347 -0.1711940526191711
1348 -0.2662910116046646
1349 -0.20826752689134764
1350 0.022367249811395595
1351 0.23753420428579375
1352 0.07918537002194626
1353 0.09238504989627927
1354 0.07331663135869348
1355 0.1046237848763667
1356 0.08755968834577743
1357 0.07819562700984761
1358 0.14977487743476559
1359 -0.0426738389746788
1360 -0.06985107142537572
1361 -0.04845298851154212
1362 -0.023708527400572166
1363 0.07106100172495644
1364 -0.024391400569356847
1365 -0.09713367808461726
1366 0.09818039612127905
1367 0.13001612217897218
1368 0.03352235931436098
1369 0.033073110582336085
1370 -0.0489200383088928
1371 -0.13107658605133565
1372 0.003442572913229469
1373 0.0611239361638809
1374 -0.014153496938320131
1375 -0.061467287045331886
1376 -0.03778487381202922
1377 -0.057141511635450115
1378 -0.06524660979658847
1379 0.014937026337406678
1380 0.006904583078664928
1381 -0.18478242378898813
1382 -0.058212251727809416
1383 0.07459447538172981
1384 -0.03459859579646718
1385 -0.07693508660821635
1386 0.10344877773906092
1387 0.026178800193690677
1388 -0.04539955850145816
1389 -0.05429432433948023
1390 0.04044641521466019
1391 0.139452194387502
1392 0.017522286619112037
1393 -0.004641867895543328
1394 0.07390900465577488
1395 -0.10487839165836021
1396 -0.1850824818721435
1397 0.030929738763234127
1398 -0.14224536554746692
1399 -0.10307765980940076
1400 -0.21522148215103698
1401 -0.13238367106896476
1402 -0.22467463487635086
1403 -0.2645140393951806
1404 -0.28039407758780044
1405 -0.18666768227973307
1406 -0.15481394617000888
1407 -0.1430864386762778
1408 -0.17735351405195843
1409 -0.07976176694268133
1410 -0.20103359709776214
1411 -0.06913692499557555
1412 0.040405173499664215
1413 0.02422215843984077
1414 -0.059285227641453275
1415 -0.10474611647197207
1416 0.03614881567216344
1417 0.033915357217779274
1418 -0.14148642269060474
1419 -0.14415295364705116
1420 -0.16465324790794966
1421 -0.0738050126973917
1422 -0.01892877621844491
1423 -0.1737635848422201
1424 -0.08185012608026909
1425 -0.12398677775030365
1426 -0.10898561364280113
1427 -0.007026787172662807
1428 -0.07965427376734624
1429 -0.038416347515124016
1430 -0.022014667202256533
1431 -0.051981078409539805
1432 -0.08756920064973883
1433 0.015932206811214655
1434 0.13450591490669694
1435 0.10674933102257
1436 -0.11858001829284603
1437 -0.1553363681136375
1438 -0.13493294331755123
1439 -0.03914500700500412
1440 -0.14713373833075138
1441 -0.057327505456839845
1442 0.13519751641365474
1443 0.11785577944999659
1444 -0.08459936103656673
1445 -0.1871302313643355
1446 -0.091824587812539
1447 -0.09243290860194975
1448 -0.07714136308464958
1449 -0.04212665674845084
1450 -0.16233499145585029
1451 -0.1298780078007553
1452 -1.421589404365477
1453 -1.4931422880006835
1454 -0.9234140873836623
1455 -0.7280697011642019
1456 -0.6092107217696707
1457 -0.3251137798996524
1458 -0.30780209619342713
1459 -0.6168363854726522
1460 -0.5825643927282158
1461 -0.5142889242098363
1462 -0.35849422147509813
1463 -0.3586884870247786
1464 -0.215331536659221
1465 -0.215184430602676
1466 -0.13766967798130736
1467 -0.20788998489473443
1468 -0.24184521223480715
1469 -0.13157245810060658
1470 -0.30489720218878347
1471 -0.2773463658102173
1472 -0.1760748681724067
1473 -0.10115166459479497
1474 0.006674868842196702
1475 -0.01340207035872254
1476 -0.31041697388775447
1477 -0.15179147290615447
1478 -0.18920536135357224
1479 -0.21367947672280252
1480 -0.41216401615230325
1481 -0.2474271459042825
1482 -0.020252044497567567
1483 0.12693427719182182
1484 0.108034746078431
1485 -0.12453239254404025
1486 -0.1169189023816557
1487 -0.04950872621924418
1488 0.07793050776331256
1489 -0.0834475978843443
1490 -0.11835269227219669
1491 -0.10135664974478686
1492 0.056881463870922744
1493 0.001361878077034362
1494 -0.1885239550630331
1495 -0.21538110854464776
1496 0.07662346438752365
1497 -0.07447479628143583
1498 -0.0579586792841269
1499 0.07156055393249972
1500 -0.009352644545629119
1501 -0.12016791352021983
1502 0.08699754464356602
1503 0.07298911895077254
1504 -0.012794107884474215
1505 0.13845779714529272
1506 0.11838074121368436
1507 0.3087507407478256
1508 0.13215888484666038
1509 0.035553282342789316
1510 0.11676061538776139
1511 0.09139125954953897
1512 -0.09319398754757913
1513 -0.18740680128343
1514 0.09109317666434436
1515 0.2919235453357487
1516 0.1771898667440155
1517 -0.08516834970816944
1518 -0.010946707347784468
1519 0.04033327489412386
1520 -0.0927771555277559
1521 -0.06957769226238497
1522 0.03506638146723162
1523 0.08622148796075635
1524 -0.012429193588957332
1525 -0.03715852912398532
1526 -0.1461992549079696
1527 -0.039980139822716865
1528 0.21954617751879368
1529 0.12470125010668198
1530 -0.07763302398336691
1531 -0.058923264346958604
1532 0.004992127933519441
1533 -0.028843906600002356
1534 -0.14853499353802135
1535 -0.0708968500129572
1536 0.08391927547444311
1537 0.20834957122815467
1538 0.03624900512647855
1539 0.23350010864152182
1540 0.2161122880730204
1541 -0.02754063511440563
1542 -0.10145457932139834
1543 0.04975512460157461
1544 -0.07891762993546081
1545 -0.08193958668545065
1546 0.07202197811409405
1547 0.27709464720152255
1548 0.16824434000398014
1549 -0.10400305641388741
1550 -0.08145229907592011
1551 0.05503896398977304
1552 0.03495171966704902
1553 0.050471590416293566
1554 0.030705536158109226
1555 -0.009215044995812605
1556 -0.10428271337389106
1557 -0.005113609592456214
1558 -0.07493706009489642
1559 0.06163035045210563
1560 0.04239196196260764
1561 -0.09547520793825015
1562 0.024932664424966333
1563 0.04742268874298361
1564 -0.05459738611727971
1565 -0.07603339842398782
1566 0.08799289010761413
1567 0.2123887926057364
1568 0.11866433354708761
1569 0.1804176823800958
1570 0.008065378993421746
1571 0.02775223917291214
1572 -0.011276954086952173
1573 -0.12974876310710215
1574 -0.14619545879082807
1575 -0.004842864463398655
1576 -0.034354157566269805
1577 -0.017940658758845984
1578 0.019115584274686626
1579 0.02745785033789616
1580 0.015644945528947574
1581 -0.10678587927020544
1582 -0.06164422857546015
1583 0.0733017597517005
1584 -0.09611736889263511
1585 -0.30075639967162715
1586 -0.2929303268909962
1587 -0.14867532831277686
1588 -0.039252174866533096
1589 -0.1413575674147296
1590 -0.10351388367485015
1591 -0.04894410671721516
1592 -0.10981569105399558
1593 -0.16037360800305578
1594 -0.018108373181974002
1595 0.02137284829240116
1596 -0.170370480352517
1597 0.001987974524524816
1598 0.03699565486363099
1599 0.02111069682393918
1600 -0.7857770957896264
1601 -0.6711561739055583
1602 -0.4210213907074376
1603 -0.27717048280914014
1604 -0.14059788391188022
1605 0.017777600903855273
1606 -0.22304595219713974
1607 -0.26212375063585114
1608 -0.15127753072243877
1609 -0.07650061598940283
1610 -0.09149569290866566
1611 -0.1140874842188282
1612 -0.0750588361430573
1613 0.046592285424083
1614 0.20710509220828044
1615 -0.0015882427725273374
1616 -0.07007845420099557
1617 -0.023929010258939343
1618 -0.04414275734666262
1619 -0.0768152412098857
1620 -0.22171988318746116
1621 -0.024079758056359424
1622 -0.012064785532913902
1623 -0.19556663522513418
1624 -0.287549956071814
1625 -0.024347327632995075
1626 0.11738528541980031
1627 0.07004381211930877
1628 -0.09470317748088064
1629 0.01136269449767724
1630 -0.12317407045685513
1631 -0.17192331391379412
1632 -0.12077035129715341
1633 -0.09848738171609739
1634 -0.15266503690509126
1635 -0.14022367789016243
1636 -0.2406300126119163
1637 -0.16161461516492182
1638 -0.01436019644506814
1639 -0.15040166681035316
1640 -0.17363478489443196
1641 -0.7432965881990299
1642 -0.5735101284038819
1643 -0.5837843825004256
1644 -0.4766606583183943
1645 -0.2779987138327442
1646 -0.32015199858312826
1647 -0.17813603148880475
1648 -0.19416820891621
1649 -0.23354075444331102
1650 -0.1550366471955158
1651 -0.13176085962680872
1652 0.0046241344762734116
1653 -0.08250480700411345
1654 -0.2519017626129312
1655 -0.23520075704010424
1656 -0.1508410136270868
1657 -0.01324417304419967
1658 0.05719120626724816
1659 -0.06794807898239696
1660 -0.14803346930233374
1661 -0.22036421060039402
1662 -0.11708042141839314
1663 -0.04616869038437699
1664 -0.02087742851733765
1665 -0.07491189546459509
1666 -0.07744967681236403
1667 -0.004273926614246193
1668 -0.002088315994512868
1669 -0.10621527987359514
1670 -0.1448772840515744
1671 0.11174020406747331
1672 0.10600011962202416
1673 -0.17326982363323395
1674 -0.3995063823781493
1675 -0.4291178170339549
1676 -0.3330601280376868
1677 -0.07193636532156233
1678 -0.23624052649762461
1679 -0.37776750849189966
1680 -0.26440320039995413
1681 -0.14761675821222298
1682 -0.04190661515508509
1683 -0.2828250982877307
1684 -0.27139939942645697
1685 -0.2658485912513129
1686 -0.18100838830105204
1687 -0.17736176122309644
1688 -0.150232705663484
1689 -0.33572170143287394
1690 -0.3535297006446285
1691 -0.14006303918102958
1692 -0.0721045708727388
1693 -0.11050546425718721
1694 -0.4643451136987551
1695 -0.34285770954630834
1696 -0.1905474759115009
1697 -0.14752727762805762
1698 -0.20694452133949426
1699 0.06663176044395414
1700 -0.231377855301389
1701 -0.3342177802093147
1702 -0.33031020919821685
1703 -0.261574583639856
1704 -0.1786083402577674
1705 -0.1780495433837359
1706 -0.24896902162618062
1707 -0.1895465757397119
1708 -0.08794372217107593
1709 -0.14868665092251376
1710 -0.1797946335460665
1711 -0.15562876083163246
1712 -0.21389382231450327
1713 -0.18831457164657195
1714 -0.21764385029365485
1715 -0.20550432614402325
1716 -0.125350434707741
1717 -0.181902994124016
1718 -0.1982566612580854
1719 -0.5942177082161493
1720 -0.5670222564910432
1721 -0.37710753205038827
1722 -0.12115373465701396
1723 -0.2749912025219601
1724 -0.24844322782428208
1725 -0.1770316628216051
1726 -0.3383305073498377
1727 -0.26455350870617167
1728 -0.06046144065248882
1729 -0.14209188507589943
1730 -0.30348307040247846
1731 -0.1469583541746715
1732 0.0065758105417330626
1733 -0.19267294186283834
1734 -0.31430066834093395
1735 -0.17615925494493467
1736 -0.14003028058920108
1737 -0.09840602354557859
1738 -0.13674919489483273
1739 -0.04540610229065578
1740 -0.02712863835222379
1741 -0.1584158105372353
1742 -0.029462300506281736
1743 0.11816479381678846
1744 0.06497518406791869
1745 0.06098368550226496
1746 0.07999197688701543
1747 0.23496095556521368
1748 0.24794160559576994
1749 -0.09003340024912632
1750 0.10961628191063255
1751 0.07446457413243479
1752 -0.034423484184799236
1753 0.10451042762451834
1754 0.043530024807466816
1755 0.042012711480765574
1756 -0.08294586572515072
1757 -0.18852169271582397
1758 -0.10987582692206388
1759 -0.18413372752610258
1760 -0.20478977501312556
1761 -0.44707188985501034
1762 -1.2157879057937748
1763 -0.7761547732918075
1764 -0.5634924271028012
1765 -0.41545084858069004
1766 -0.308670276285568
1767 -0.2994787929059157
1768 -0.37945657660895904
1769 -0.14482241374156501
1770 -0.13874116978553275
1771 -0.21738897797797563
1772 -0.11608256590460542
1773 -0.08733978306128165
1774 -0.2710591887610576
1775 -0.006528573475236499
1776 -0.07973768599612185
1777 -0.17380240694990334
1778 -0.16550857931758856
1779 -0.02803603779682362
1780 -0.09432775525914394
1781 -0.08698126821343521
1782 -0.09276371607603551
1783 -0.08987544897308908
1784 -0.15863917788243498
1785 -0.3337179726794375
1786 -0.19308452521909203
1787 -0.20118295390028607
1788 -0.1439903508143061
1789 -0.11000756551686663
1790 -0.15582159578633537
1791 -0.02938356912642348
1792 -0.11767163811379078
1793 -0.1419335915679767
1794 -0.17590247080147492
1795 -0.12828521758825673
1796 -0.04642561129969636
1797 -0.2264680238015444
1798 -0.3045831882776042
1799 -0.1201533246879194
1800 -0.0034970612455822447
1801 -0.04438180129511693
1802 -0.26539729006566404
1803 -0.12216414429269662
1804 0.008306626244234394
1805 0.11296645147359641
1806 -0.08318619597685029
1807 -0.008782682196056157
1808 -0.006287395995457246
1809 -0.6479256536662774
1810 -0.8005368695214656
1811 -0.46994451856437536
1812 -0.22753936249694107
1813 -0.15391413644471186
1814 -0.07109325267907707
1815 -1.0880207188133113
1816 -1.1723314916451955
1817 -0.6944754943007183
1818 -0.7948436442886191
1819 -0.5660771636276536
1820 -0.2893743569512708
1821 -0.19597421040941754
1822 -0.11747219066330672
1823 -0.20811580838170585
1824 -0.2090173949878249
1825 -0.23912117066265637
1826 -0.12268057078534866
1827 -0.04189208523172283
1828 -0.10380171073757083
1829 -0.16672382428015453
1830 -0.02593533179037877
1831 -0.05904773608705227
1832 -0.16451001742211702
1833 -0.14029377083937788
1834 -0.08670712569727357
1835 -0.4058661593974193
1836 -0.3854723618403568
1837 -0.4014379245012947
1838 -0.31614111542313594
1839 -0.12091588106892459
1840 -0.14796901859403988
1841 -0.09811604715764588
1842 0.06273722397259007
1843 -0.03775799168039384
1844 -0.09704558755424841
1845 -0.07199953020744942
1846 -0.09562017811356327
1847 -0.04676963799306577
1848 0.025728270136141873
1849 -0.20288404570788998
1850 0.26054991001876715
1851 0.11426900365353276
1852 0.14374675274257243
1853 0.18960382867544467
1854 -0.15323567001217953
1855 -0.038791032656035895
1856 -0.04415586485055201
1857 -0.1474733912440911
1858 -0.03164685976605597
1859 -0.04774652404449853
1860 -0.06343890388649243
1861 -0.09925141284264782
1862 -0.009808268296012557
1863 0.061378284827867446
1864 -0.022206073593281417
1865 0.03318165138432505
1866 -0.09675620388969719
1867 0.029551657950833032
1868 0.19741453130393438
1869 0.17574322219189753
1870 -0.044368954832236795
1871 -0.09226517374776222
1872 -0.03051121881412655
1873 0.11385758819972125
1874 0.1018285946096853
1875 0.0643547539212932
1876 0.1501442139517053
1877 0.08564295281121304
1878 0.10236635215051137
1879 0.05603923151585377
1880 0.07119098847311989
1881 0.07879049823702644
1882 0.15895611341829863
1883 0.01581355313498989
1884 -0.3673585076386985
1885 -0.39782909769002117
1886 -0.32576377825506597
1887 -0.1458186106924586
1888 -0.0652820708339732
1889 0.11057518521454313
1890 -0.11432195743816465
1891 -0.16267304857211684
1892 -0.12779157511664607
1893 -0.1752138117815889
1894 -0.029088558000580633
1895 0.15865143711101837
1896 0.26979821178554175
1897 0.1275878350490416
1898 -0.02447879592739355
1899 -0.006764653617949534
1900 -0.006996334291613948
1901 0.048229451560303005
1902 -0.07217650133026154
1903 -0.28404157761519855
1904 0.011651674323275074
1905 -0.039421203653148496
1906 -0.14557742403871998
1907 0.025666352964094585
1908 0.0744984025687927
1909 -0.040756304006379196
1910 0.08080741042340378
1911 0.24882576450437455
1912 0.13757965017799734
1913 0.15318556608588096
1914 0.12771856466486042
1915 0.07677714478126063
1916 0.286120192790122
1917 0.33662009570798546
1918 0.27212516822260113
1919 0.06831917757176598
1920 0.27040029390815334
1921 0.3408559178545829
1922 0.2763237354067769
1923 0.5200040061297386
1924 0.46650594833687364
1925 0.27370927929098343
1926 0.2167262829638048
1927 0.2564306781806067
1928 0.2646562995441286
1929 0.30707340074582135
1930 0.3272124032803845
1931 0.3068766103738767
1932 0.1660253458991292
1933 0.38098087513168366
1934 0.4032969371448303
1935 0.27149045867997756
1936 0.3912054567579162
1937 0.37531513462494104
1938 0.4223400655258729
1939 0.3544031559645191
1940 0.29318537422977897
1941 0.5428281147755456
1942 0.6426659625445268
1943 0.4193981712060122
1944 0.2646194445582637
1945 0.3250481648749428
1946 0.5027935031671404
1947 0.5013026705292418
1948 0.46096666445617984
1949 0.4412110137529339
1950 0.5176404941192345
1951 0.4697003550975296
1952 0.3861563785327462
1953 0.655773737263246
1954 0.5546498237054607
1955 0.4268135413551022
1956 0.4248936937204917
1957 0.5387528797639902
1958 0.5524085159430001
1959 0.531747977341297
1960 0.5613028493699517
1961 0.6233372965755848
1962 0.4889092786257834
1963 0.1997140983669965
1964 0.42101233709507824
1965 0.3460787601204629
1966 0.2984877758947846
1967 0.36477271882057494
1968 0.4828848294479826
1969 0.6181007321629295
1970 0.6288928470080464
1971 0.49955294850775545
1972 0.4360637371158873
1973 0.6685929169985911
1974 0.6014971614004025
1975 0.5993388265298449
1976 0.6902115121445149
1977 0.6796714108929791
1978 0.6136040134728091
1979 0.5981042317749257
1980 0.5785790496551613
1981 0.9611805460619394
1982 0.6845035627819698
1983 0.46734741360251064
1984 0.7506224658145584
1985 0.9237335825960713
1986 0.873012575959649
1987 0.8980141576864753
1988 1.1479679775709997
1989 1.1414460944236566
1990 1.008756490771816
1991 0.9374909269305931
1992 0.873815048444726
1993 0.9003452087080746
1994 0.9542641387672006
1995 1.0148034077793113
1996 1.0708457453338838
1997 1.07366327760883
1998 1.1478162330871555
1999 1.1846498703218344
2000 1.4391910246286557
2001 1.2917562915054077
2002 1.2552921925629335
2003 1.3469489225724942
2004 1.4801239671567146
