850 0.13319999214155587
851 0.2681200932703973
852 0.4037868704295988
853 0.4610274791168649
854 0.14233818928573783
855 0.0485836484967308
856 0.08198668126465236
857 0.07560817735867431
858 0.02448697955452417
859 0.08117935572812485
860 0.37117067300357576
861 0.2975683436623058
862 0.13762698141454166
863 0.11516147453181702
864 0.1806933685558647
865 0.17332392003720543
866 0.3521514587984029
867 0.47811825248476225
868 0.10543758983391172
869 0.04174678629721029
870 -0.07950219814080128
871 -0.05875610674536347
872 0.2983283807857333
873 0.5508186922073719
874 0.2442902713888202
875 0.12792698519820078
876 0.1501441602658815
877 0.12583152732923963
878 0.21537776515555151
879 0.21690029904260655
880 0.2344648673056895
881 0.15452741763988342
882 0.22630305140103246
883 0.23964293139874826
884 0.3114657745081786
885 0.40792159962268215
886 0.2645177555315854
887 0.05288630662812466
888 0.051180962370040106
889 0.048895800711932225
890 0.11148597544598715
891 0.21230475897561973
892 0.39608129745334963
893 0.3296028785438807
894 0.09888070657058279
895 0.18852443383616446
896 0.15737229423535837
897 0.2305486735139084
898 0.34656996010414787
899 0.2621723929429436
900 0.19705177094425608
901 0.03597872869369212
902 -0.014243168783139026
903 0.01487288358674732
904 0.007009948205222827
905 -0.10421598476284544
906 -0.03335691391646378
907 0.06270991317518337
908 0.3045597954443906
909 0.2769950863849431
910 0.0831722070169576
911 0.07841369310636992
912 0.3081783281844537
913 0.22738640666511856
914 0.039798474570488906
915 -0.018179499727466464
916 0.1244550797410966
917 0.12968993885101554
918 0.17773255687285427
919 0.38664696432130086
920 0.23540596918326173
921 0.042901845242397485
922 0.11667955899582694
923 0.06434521145860117
924 0.11336488392510091
925 0.12314934024095692
926 0.25992990015839723
927 0.34368652501825636
928 0.05181435001998125
929 -0.14645697304160876
930 -0.16998415325411997
931 -0.027512708918322915
932 -0.09589292102617719
933 -0.3435939236499621
934 -0.25565192834943673
935 0.05753688789968692
936 0.017615637529843298
937 0.04222157559217976
938 0.12537299033658655
939 0.05705085495628737
940 0.06069741580046184
941 0.16917577146574558
942 0.16181772406224582
943 0.11836475546596148
944 0.13638785876935344
945 0.18776842639567803
946 0.34530232051753273
947 0.4081993113731528
948 0.1442669795455913
949 0.16778371146199333
950 0.26983031465863405
951 0.4775969210458584
952 0.36615972543364705
953 0.08499322737867487
954 0.08626490921210461
955 0.28356321868568557
956 0.37238549082144345
957 0.17160096515584655
958 0.15178729296172833
959 0.23475236738397598
960 0.18642984040735655
961 -0.042288096973265965
962 0.021670151871603593
963 0.009456617898536024
964 -0.15222890340538697
965 -0.06501833139247992
966 -0.0007937111784599438
967 0.04198988266819015
968 0.1053555208045509
969 0.23408724139562764
970 0.3221222916740203
971 0.37132563107167016
972 -0.01545210371699568
973 -0.031583717334115136
974 0.11504990105459001
975 0.3588551231683823
976 0.4543293991577002
977 0.2048148099502214
978 0.05845625541263644
979 0.33282192680673006
980 0.46288732353605155
981 0.24430667116996574
982 -0.005576296785193335
983 0.0945104125531202
984 0.11484194763488631
985 0.24917080911296807
986 0.3181610017879848
987 0.2259744192671178
988 0.3520045081963872
989 0.3250765433003835
990 0.029850541276800868
991 -0.11578831343541651
992 0.06953366369043579
993 0.19339409655952977
994 0.14156721905914083
995 0.0324346832932747
996 0.038096642080517995
997 0.21047338781329472
998 0.3980026532825036
999 0.2457695025162252
1000 0.12630383054181493
1001 -0.08341161973697808
1002 0.06940648590239107
1003 0.24298504653825148
1004 -0.007030274451324203
1005 -0.050362816313793246
1006 0.07603093740544864
1007 0.02911025964539249
1008 0.1268523814865148
1009 0.11720738858593904
1010 0.15571914494057637
1011 0.09511219256017966
1012 0.18618644051343836
1013 0.43089426833370226
1014 0.2665989024808937
1015 0.04633102353147933
1016 0.07675981781187602
1017 0.2395287065334628
1018 0.3295750623885283
1019 0.16148232435307364
1020 0.04961506606770172
1021 0.0473505910312042
1022 0.18157029138103553
1023 0.15481080146446402
1024 0.23728036446340184
1025 0.2815238714446764
1026 0.10638402955015636
1027 -0.004865512762251001
1028 0.052104878043223835
1029 0.19254289894769272
1030 0.28387016213662264
1031 0.3300856815397424
1032 0.038274574492788815
1033 -0.07897971196064191
1034 0.004071920326964573
1035 -0.06090936932622526
1036 -0.05843931999885399
1037 0.11509451168171836
1038 0.25047981790447693
1039 0.012865711686231407
1040 -0.12457518528663059
1041 0.08341807539721913
1042 -0.006539317944771028
1043 0.1290752479949333
1044 0.1004807299795516
1045 0.14258083405957223
1046 0.3702411055433572
1047 0.4265566544447097
1048 0.3308127373379648
1049 0.26990721146279384
1050 0.24430009672806818
1051 0.2848458738254749
1052 0.36978590473819395
1053 0.4104576034442289
1054 0.13368968438368256
1055 0.09739926557313083
1056 0.12940142527395437
1057 0.19149035970804107
1058 0.2831225040758909
1059 0.5826969688289978
1060 0.24878382686603118
1061 0.08048565432557098
1062 0.2224241404783811
1063 0.1512138311243234
1064 0.10097783541641547
1065 0.11097342701106072
1066 0.031990628475625726
1067 0.19818466776035848
1068 0.09287747688802028
1069 0.09877826572568438
1070 0.07801769669362102
1071 0.04731232011329212
1072 0.2665404628119745
1073 0.22986771701437192
1074 0.13585235240572047
1075 0.10655797021854596
1076 0.1398799273292184
1077 0.11480980348255798
1078 0.11000533787159839
1079 0.2725964847959972
1080 0.3582650369865519
1081 0.02133767240866291
1082 -0.17673683327404888
1083 0.0920043492854461
1084 0.26325428145474916
1085 0.13384895239505568
1086 0.2823461219818455
1087 0.20775701499093202
1088 0.13302601106084921
1089 0.09190376392103872
1090 0.1850055710712013
1091 0.12596808150152583
1092 0.3125025621715736
1093 0.2785091074082402
1094 0.028808637120107505
1095 0.018017067931907604
1096 0.2948541273498222
1097 0.20768222809249437
1098 0.08909837147064081
1099 0.12425564366589015
1100 0.30227324255639587
1101 0.2081166694600256
1102 0.33205822590804246
1103 0.27209372506115415
1104 0.17112440319118605
1105 0.06827154391157819
1106 0.1770776626173074
1107 0.161812105284298
1108 0.2789395533517336
1109 0.34027584871142835
1110 0.3496870615578018
1111 0.24726156973252955
1112 0.254281920291362
1113 0.10904821613064541
1114 0.17735187583053857
1115 0.16827349272563197
1116 0.23780059408449006
1117 0.41453402410866147
1118 0.2514528127708786
1119 0.3768223231344905
1120 0.45826150662026066
1121 0.1875608874287309
1122 0.1527694372618953
1123 0.20855597878272647
1124 0.09391104199784195
1125 0.21355273851696666
1126 0.29432649399518596
1127 0.6161330209044422
1128 0.5173192611440527
1129 0.1703200898605246
1130 0.11156891935354452
1131 0.24304254884202692
1132 0.2426056773491041
1133 0.1816731797147213
1134 0.3293567436642775
1135 0.27321182313858117
1136 0.2524965243136421
1137 0.25478174593558833
1138 0.30655190244442565
1139 0.1624889489527277
1140 0.09101485154053535
1141 0.37639500883977917
1142 0.32298882354172065
1143 0.198718031800297
1144 0.15982563566495855
1145 0.20077836503588742
1146 0.3512647768720285
1147 0.20045280991041636
1148 0.2324876278288457
1149 0.39037328383363956
1150 0.2799579109098431
1151 0.10191781850363668
1152 0.20040602364247206
1153 0.14003894376094195
1154 0.22759103374482947
1155 0.4300665813981368
1156 0.45727847233979446
1157 0.19908427250612704
1158 -0.0092917718066019
1159 0.08282566074421993
1160 0.036251394012197125
1161 0.11852237126203136
1162 0.08925176068669316
1163 0.14875637718910184
1164 0.2642287652878963
1165 0.5451986018192656
1166 0.5139744479588444
1167 0.053722725064574206
1168 -0.026591035049818856
1169 0.04934109319140134
1170 0.12203007307147118
1171 0.2258602650902617
1172 0.2996475745779321
1173 0.26733026426200013
1174 0.3774035119236032
1175 0.31396353998889026
1176 0.02531512671373548
1177 -0.09586669158272798
1178 -0.05331270570650304
1179 0.22477387643101565
1180 0.3355700720832715
1181 0.21556994090389026
1182 -0.0916216420322371
1183 -0.06515148141818372
1184 0.10489721796068352
1185 0.30472207834486653
1186 0.1797634808069688
1187 0.08465373475229399
1188 0.05946033238853943
1189 0.042139907941646015
1190 0.1209991164926123
1191 0.20124366109371294
1192 0.21091114141307798
1193 0.22851785204898079
1194 0.0759121965512577
1195 0.03640884774864617
1196 0.4747306353009435
1197 0.4081740616395564
1198 0.10256680285806397
1199 -0.070892190235611
1200 -0.0937095837139168
1201 -0.034543069577750884
1202 -0.08292439364726079
1203 0.20859679046895963
1204 0.3530623783545366
1205 0.07877321117899783
1206 -0.05636023847358729
1207 0.03655767152952194
1208 0.1579412298363536
1209 0.17679508548110334
1210 0.16398789934925162
1211 0.11094415109187139
1212 0.06152849638982616
1213 -0.2222295720606553
1214 -0.06877821017860697
1215 0.19308623633963862
1216 -0.2092238947656142
1217 -0.15564243367543895
1218 -0.11744993441180895
1219 0.01653420775039649
1220 0.10450252053550457
1221 0.46577353159494805
1222 0.3647231131732269
1223 0.08342737370264786
1224 -0.03315408771464945
1225 -0.009749187266720583
1226 -0.024198368244867652
1227 -0.1050974131167095
1228 0.17449340279836179
1229 0.47013835352265687
1230 0.36552749560775055
1231 -0.005326682110023739
1232 -0.14997676840522445
1233 0.022863063441718623
1234 0.3194192955616586
1235 0.2965739984152833
1236 0.17751693725119821
1237 0.178038558686751
1238 0.2627493838843975
1239 0.21526257674150884
1240 0.08927644981054073
1241 0.004387441519384083
1242 0.04245054734832365
1243 -0.05734332528498953
1244 0.08893151252766529
1245 0.1942786466370876
1246 0.19428120064475252
1247 0.27283457943713074
1248 0.3961077831736475
1249 0.28053077745272503
1250 -0.04783090479185148
1251 -0.1555280151864622
1252 -0.15303276874351468
1253 0.007622910490908907
1254 0.13655751195852872
1255 0.19334701697596302
1256 0.24223976823878957
1257 0.25223513037144585
1258 -0.9189215866309155
1259 -1.233042792429444
1260 -0.7001502684967136
1261 -0.452741085207947
1262 -0.3512574686574226
1263 -0.34883071973303004
1264 -0.12126919999133179
1265 0.00962246963825919
1266 0.08466642841449357
1267 0.020528770491864634
1268 -0.16687907248194733
1269 -0.31617601947596086
1270 -0.3066666528554265
1271 -0.07124613710050198
1272 0.29566215014864383
1273 0.31739961507418
1274 0.05912188957927356
1275 -0.5140219092223219
1276 -0.5596889653567132
1277 -0.3228052699554951
1278 0.04952601417255664
1279 0.2722943782719085
1280 0.0408870482286261
1281 0.07677096135040529
1282 0.10653568329257723
1283 0.34735213984004076
1284 -0.07010192407796012
1285 -0.4515042459602796
1286 -0.2887052173661573
1287 -0.19976977383970507
1288 -0.11823547083668018
1289 -0.12780589169130963
1290 -0.27606598736582555
1291 -0.09380474338280465
1292 0.14125249599584322
1293 0.12038923262707613
1294 -0.041845254233919604
1295 -0.06233666180793307
1296 -0.03162905348216327
1297 0.02199000692149866
1298 0.14096287347013003
1299 0.24945392063563077
1300 0.11397936437765566
1301 -0.06764956175595671
1302 -0.014669188232176111
1303 -0.12987698268557324
1304 -0.12356033755713725
1305 0.07888117189912691
1306 0.10039976071590218
1307 -0.003467735747108236
1308 -0.024158394865537502
1309 0.1814276999922413
1310 0.18572951252269831
1311 0.22489952434915494
1312 0.011905555742828255
1313 -0.1086554892946765
1314 -0.08967756780742775
1315 0.04071356217002631
1316 -0.07692787843387805
1317 0.008353619093668385
1318 0.2030738125293965
1319 0.23011099624784492
1320 0.26979833276516274
1321 0.1605543735436754
1322 0.1887250917137635
1323 0.19689956541930087
1324 0.2737533810134778
1325 0.07949465305046033
1326 0.14974913116424204
1327 0.08150060702928386
1328 -0.04377308875518793
1329 -0.15222857968205972
1330 -0.09530278793317848
1331 0.007572550389852495
1332 0.03548084271153584
1333 0.21813394703889344
1334 0.10515893452668479
1335 -0.005480795014477735
1336 0.01957152366298942
1337 0.08375963828552813
1338 0.0468173970102157
1339 0.08521655548543094
1340 0.11595402131149513
1341 -0.0008275865531004456
1342 0.019513484892968336
1343 0.07218472561748968
1344 -0.05577694366479591
1345 -0.17761173152183574
1346 -0.04602374381033769
1347 -0.005952175727941267
1348 0.09463660844932065
1349 0.04100518237243023
1350 0.08836866680474031
1351 0.2548611964633096
1352 0.17337825407776108
1353 -0.02862525474023414
1354 -0.1166937412621678
1355 -0.07566070290744165
1356 -0.033198242385083176
1357 0.02977352499300423
1358 -0.0401961888572373
1359 0.09609843101043225
1360 0.21214342308036294
1361 0.43290808603262576
1362 0.236352558237229
1363 0.19364358898775436
1364 0.08672556430127543
1365 0.14405032304125598
1366 0.11584907240933262
1367 -0.05938376984164506
1368 -0.19581353791954825
1369 -0.02979962393249025
1370 -0.04661079885448771
1371 -0.017238763465059037
1372 0.05217176969642878
1373 -0.027834992563327887
1374 0.013937313018857367
1375 0.032514591220490274
1376 -0.030481418187491727
1377 -0.0719291923937817
1378 0.08081626536858266
1379 0.1528176196281379
1380 0.09671497309443566
1381 -0.11908428502863444
1382 0.016941422119032268
1383 0.15338844215875724
1384 0.027177345425286603
1385 -0.0074850393604606325
1386 0.07287649752487368
1387 0.13787711179031703
1388 0.1426045478162905
1389 0.12162753827175266
1390 -0.06741612819268994
1391 -0.02522421689860721
1392 -0.03375177956860398
1393 0.11752187085170362
1394 0.16640085567024698
1395 0.08290581567234767
1396 -0.03154381516043259
1397 -0.08467802777988709
1398 0.030149171349648896
1399 0.19941204666332624
1400 0.3392368630572946
1401 0.15372325581989799
1402 0.16809469503118635
1403 0.1814305666050018
1404 0.2445346367971979
1405 0.08781550087905998
1406 0.007619405126717993
1407 0.19391141893169106
1408 0.13408667388057438
1409 0.18905620641947962
1410 0.08007170486888526
1411 -0.06692886469238601
1412 0.029401699964864747
1413 0.015978291721410187
1414 0.029474586021080995
1415 0.02976627157437406
1416 0.0033804586032033512
1417 -0.03829737617053297
1418 0.1565308518963775
1419 0.3224832660038146
1420 0.12579159266073248
1421 -0.17768954530686187
1422 -0.06159605568586812
1423 0.010774923978999595
1424 0.05638186261495548
1425 0.28644019258700837
1426 0.3141340035171538
1427 0.0782581702927132
1428 0.11450213809621346
1429 0.10925855881117741
1430 0.28510935607278043
1431 0.35927518935426406
1432 0.2872607094163868
1433 0.07983120100618635
1434 -0.016394529436354333
1435 0.19367151237747748
1436 0.2061298219129526
1437 0.06432837001517555
1438 -0.0013917490195467508
1439 0.08807371695382926
1440 0.16269057920993646
1441 0.21255538741456803
1442 0.080088627696
1443 0.07514549372007195
1444 0.1452153341159601
1445 0.377054080243056
1446 0.24415889663669077
1447 -0.0039125261563413005
1448 -0.0036796678088535373
1449 0.24830590828747745
1450 0.10987172354418817
1451 0.005802075834367315
1452 -0.6155959456251594
1453 -0.6849057939119803
1454 -0.3903377328462625
1455 0.006806118067515854
1456 0.07954958588908312
1457 -0.05167145131366624
1458 0.0037626962217700566
1459 -0.00961844287621716
1460 0.008291449924229255
1461 -0.11358701822399553
1462 -0.12320971878187947
1463 -0.014992512821663695
1464 0.17273585803746982
1465 0.12422492300174781
1466 -0.02121707555500052
1467 -0.11068404785942221
1468 0.04594086527987429
1469 0.10387025417162477
1470 -0.0227532758311213
1471 -0.013387893816513952
1472 0.053503223894210805
1473 0.28546038300214605
1474 0.08891411887981349
1475 -0.21298118623394657
1476 -0.42052835224677665
1477 -0.2583601771485746
1478 0.03708139920445319
1479 0.17902705495265536
1480 -0.11527248426887127
1481 -0.12405044236351159
1482 -0.06577845392871495
1483 0.04538830064825561
1484 0.11917882126050472
1485 0.021967000629672384
1486 -0.07584691036026925
1487 -0.0810910021425002
1488 0.05063137232258441
1489 0.10233657992176859
1490 0.11912792224018176
1491 0.0597799710363347
1492 0.0027718463775840974
1493 0.13093449818290992
1494 0.1569099163460237
1495 -0.03907512651272782
1496 -0.11748567841829072
1497 0.006247238824641954
1498 0.11277460403300665
1499 0.01623989675294979
1500 0.008459038316232181
1501 -0.039928685871643665
1502 0.05773530675969596
1503 0.28544920569913756
1504 0.39782102023127663
1505 -0.014270457023940253
1506 -0.16423224488437427
1507 0.05806308399513682
1508 0.01668899287244585
1509 0.06141194055504684
1510 0.049872826131718284
1511 0.06383311172078265
1512 0.2256216107271598
1513 0.24747235421006053
1514 0.2467981992172099
1515 0.19537149993163894
1516 0.05845584439941831
1517 0.12875364004815992
1518 0.1902259489863809
1519 0.10088531094640985
1520 0.08368108657867879
1521 0.0922799330774069
1522 0.208457851088383
1523 0.14807305418281658
1524 0.0507323849419663
1525 0.014441426143321223
1526 -0.0036384060469458746
1527 0.13363504271728743
1528 0.24394202623540195
1529 0.23492032238397087
1530 0.36305439294852704
1531 0.3286979033786679
1532 0.0684001683012525
1533 -0.08100907278230807
1534 -0.19962704933118403
1535 0.006593641291544827
1536 0.14402785004085672
1537 0.01944334157309413
1538 -0.06448119468893765
1539 -0.07342001656820685
1540 0.1706318333331751
1541 0.09079924761795155
1542 0.030430736593984875
1543 0.06711426831969902
1544 -0.045071477250871794
1545 -0.12059751775649374
1546 -0.2803416845762854
1547 -0.09080968815112556
1548 0.06791852727047853
1549 0.08504454803761519
1550 0.07952837885471808
1551 -0.06129528288590791
1552 -0.0702915546274312
1553 0.0013346617969318686
1554 0.0257061447716751
1555 0.10615108134538787
1556 0.2984899720676708
1557 0.2703265234619039
1558 0.25414955303261877
1559 0.2257279323391117
1560 0.1693217112876937
1561 0.22572945747174344
1562 0.2439492213885046
1563 0.3511560430787881
1564 0.08770106078992512
1565 -0.114123406117983
1566 -0.17730705099080524
1567 -0.1817582895068881
1568 -0.07368189844908102
1569 0.1709675660139851
1570 0.36611159397239135
1571 0.26185960677082676
1572 0.15043160881708673
1573 0.17580103824843718
1574 0.28192354883054804
1575 0.1186130215695016
1576 0.1927370398640278
1577 0.2783243460168592
1578 -0.023439053222659822
1579 -0.01997149623423411
1580 0.09619488927097564
1581 0.14054354855062456
1582 0.08831771825441592
1583 0.0215664331990979
1584 -0.1438514733878833
1585 -0.10196252657630112
1586 0.18608232749613762
1587 0.1948915762494039
1588 0.11114490182040981
1589 -0.006302352427894675
1590 0.02180371185158947
1591 -0.06281600270261833
1592 0.09022112817820016
1593 0.05208551189099353
1594 0.07518200655272267
1595 0.1020025317009754
1596 0.3557453322963511
1597 0.18925964322033906
1598 -0.045189733565678125
1599 0.03639431219227163
1600 -0.33665381492181723
1601 -0.2607547818734588
1602 -0.3752144339007373
1603 -0.35133055645133027
1604 -0.14941971457204772
1605 0.05201817222575755
1606 0.1887819946614968
1607 0.0017628169270551552
1608 -0.18434149825549184
1609 -0.12449204430117788
1610 -0.03373902738707102
1611 -0.05627688885482485
1612 -0.1256277987448584
1613 -0.14646329587964146
1614 0.0727354265227973
1615 0.2606812550386053
1616 0.05721245871455949
1617 -0.06367741365426127
1618 -0.26535780393095365
1619 -0.33909239477742403
1620 -0.33094144226367916
1621 -0.1984472762899827
1622 0.022846789469895157
1623 -0.016918598008942354
1624 -0.2984061916204723
1625 -0.26787598630545517
1626 -0.12807055250249277
1627 -0.17282387805744293
1628 -0.07843439997827772
1629 -0.0544137502199078
1630 -0.12308882753382022
1631 -0.21529299850101324
1632 -0.12181073844169532
1633 -0.07633323141391202
1634 -0.02842266936215765
1635 0.30474969567251264
1636 0.22663868088721983
1637 -0.10430193173658608
1638 -0.157175504855104
1639 -0.16878455525773006
1640 -0.2266779738506557
1641 -0.5493903050562494
1642 -0.3541801591400713
1643 -0.32707439181780273
1644 -0.17450548450187853
1645 -0.10582195044793252
1646 0.19310064053280485
1647 0.17083299926645168
1648 -0.2266583661184427
1649 -0.368518076093892
1650 -0.2774059258055104
1651 -0.08747689673305103
1652 0.06594899044358726
1653 -0.14024146471336962
1654 -0.17831938941117187
1655 0.058088113857479584
1656 -0.010174664787200527
1657 -0.16067038557491742
1658 -0.03715050081331128
1659 0.08806422676713055
1660 0.11993548261426668
1661 0.08118392516263384
1662 -0.09509491452269003
1663 -0.05524404750974554
1664 0.07601198278717902
1665 0.3709412641297263
1666 0.3504491322672152
1667 -0.19418771275240942
1668 -0.2885452426543793
1669 -0.15747438226748045
1670 -0.1375018127931753
1671 -0.03560480740435423
1672 -0.03932512708081504
1673 -0.09665025453540466
1674 0.02992741932325771
1675 0.04762123301657084
1676 -0.09428053594064068
1677 -0.13344252746009033
1678 -0.19150308259918347
1679 -0.14086008893673352
1680 -0.22154065631696085
1681 -0.05276652234761059
1682 0.17182940959679627
1683 0.152464352131517
1684 -0.04988978854527204
1685 0.03210928829952309
1686 0.1367732261552419
1687 0.11145257056637092
1688 0.1314740840759896
1689 0.06697349537438413
1690 0.07597090592071254
1691 -0.02862054510995904
1692 -0.1381327556576366
1693 -0.29944290093192194
1694 -0.3416165673635305
1695 -0.12500564582069273
1696 -0.026920396993261875
1697 -0.019445029758287546
1698 0.04495732763399474
1699 -0.10554249218438372
1700 -0.015091240164053943
1701 -0.008470903361057935
1702 0.13239029692573467
1703 0.018442571558978216
1704 -0.009180924419240455
1705 -0.14313897114357133
1706 -0.07213279571510611
1707 0.07898361515310626
1708 0.06555023302684049
1709 -0.16857727815141743
1710 -0.16187892276877847
1711 -0.0770744045037759
1712 0.10832565893718993
1713 -0.025108949228581423
1714 -0.2041225979971273
1715 -0.15993019354380067
1716 -0.07337871600333301
1717 -0.013159001228984835
1718 0.10637708968511106
1719 -0.10482319919060501
1720 0.00602836489343872
1721 0.04205991097325068
1722 -0.1818143381981372
1723 -0.08482900480339595
1724 -0.03285011172073382
1725 0.03918433828994239
1726 -0.12305322412845499
1727 -0.05796384872729732
1728 -0.1268258954802377
1729 -0.1405894074241587
1730 -0.15213443612407218
1731 0.1354592151565157
1732 0.038912942302772535
1733 0.0778407487516688
1734 0.046824577847246474
1735 0.0615927403622436
1736 -0.0020009602913546587
1737 -0.05332179008229332
1738 -0.019090664946190827
1739 -0.05329114311524563
1740 -0.06475155236870478
1741 -0.1462370088897842
1742 -0.1541038981042675
1743 -0.018753193862380613
1744 0.005593576557089364
1745 0.026292267233316124
1746 -0.02227417745666571
1747 -0.10740900018163302
1748 -0.07792412337653332
1749 -0.03718268264753988
1750 -0.07949591305407466
1751 -0.2153092076527514
1752 -0.047592697386676264
1753 -0.09597195549844173
1754 0.0056569362811274004
1755 -0.06254171895272975
1756 -0.05907648421055001
1757 0.11492142900084446
1758 0.1067349224280747
1759 0.04639135527173721
1760 0.011146719231817315
1761 -0.14054548492021013
1762 -0.6832933543700506
1763 -0.5135017452304851
1764 -0.22760079838570846
1765 -0.07884862187853514
1766 0.10577421689146149
1767 -0.013848558852032511
1768 -0.216478277308795
1769 -0.22431474576109167
1770 -0.2471989479050194
1771 -0.2606291553601068
1772 -0.07157581051410489
1773 0.004313110365387729
1774 -0.01245802158683773
1775 -0.015283240825851863
1776 -0.06263208255171548
1777 -0.05804620058376031
1778 -0.028480838093628336
1779 0.15265868415553996
1780 0.12001477971006125
1781 0.06150308436639307
1782 0.18967568788713152
1783 0.008687869601601506
1784 -0.18226214382417538
1785 -0.1686853149712988
1786 -0.1746995036763792
1787 -0.0692880795614883
1788 -0.030552113718727014
1789 0.0325701695971361
1790 0.2261999556843648
1791 0.3531161255231723
1792 0.09722082243860086
1793 -0.032563544713525516
1794 0.057797967526767025
1795 0.05415868222314657
1796 -0.12236573540906193
1797 -0.0565587104637757
1798 0.28201472836826724
1799 0.3205933328982269
1800 0.03134008769433194
1801 -0.05882923668445983
1802 0.11286619505955287
1803 0.26456751142194435
1804 0.043014820701955614
1805 -0.04784009346263929
1806 0.015524903107234422
1807 0.20217827023066093
1808 0.21596311805961932
1809 -0.2737834995817252
1810 -0.31690201812102714
1811 -0.1489295856275703
1812 -0.01847600264062521
1813 0.11453120076822643
1814 0.12427446941256903
1815 -0.5846837445407687
1816 -0.7900070635116094
1817 -0.5575352517635679
1818 -0.17031658351822898
1819 0.03527442781376067
1820 -0.10510857243031069
1821 -0.16119042887476098
1822 -0.27637718969901925
1823 -0.2483814232720647
1824 -0.08623739543014608
1825 0.11895257477374344
1826 0.15425107590812104
1827 0.024850859853529528
1828 -0.02963253456670145
1829 -0.016859286051271738
1830 -0.05248096386122825
1831 -0.14775460477892466
1832 -0.025989013634728053
1833 -0.01157210246537943
1834 -0.0824388527948372
1835 -0.43127930372662604
1836 -0.26338483977536953
1837 -0.11228617422403886
1838 -0.05149960299877421
1839 -0.11347112384044067
1840 -0.04522690869663393
1841 0.22542797569991535
1842 0.1700160287684298
1843 0.0014253976563054493
1844 -0.12013788646589774
1845 0.09982447974863362
1846 0.3107521968343008
1847 0.14879592282261456
1848 0.04852367564615179
1849 -0.015315107667333905
1850 0.023599340877638042
1851 0.03692663713746924
1852 0.1637739512364078
1853 0.1429364422028243
1854 -0.010416604568035837
1855 -0.14932493084086218
1856 0.12082673852506787
1857 0.11761494901281822
1858 0.22857569886662077
1859 0.04601644257144244
1860 -0.09899955243560044
1861 0.10190459367225913
1862 0.10128433633815348
1863 0.1035529959598307
1864 0.10320348619211472
1865 0.2652194401364909
1866 0.18222010938865196
1867 -0.03417057767097731
1868 -0.06614346536446192
1869 -0.15565495933424245
1870 -0.1129387325796074
1871 -0.0016258440518299722
1872 0.08495371030414844
1873 0.03972691158355701
1874 0.04071409280265925
1875 0.018434321808229015
1876 -0.07769008556130075
1877 0.008766981060148282
1878 0.02952467464649544
1879 0.11389822440764874
1880 0.11442993883309782
1881 0.22801527626228335
1882 0.12280686021779275
1883 -0.008789313429417689
1884 -0.3736585376983612
1885 -0.14104521940407722
1886 0.16299220182611407
1887 0.03518731033636868
1888 -0.2579731518752624
1889 -0.20762544697811336
1890 -0.18240989326790213
1891 -0.22785692333218321
1892 -0.19976119425479055
1893 -0.018503716516136137
1894 0.020468227421361007
1895 -0.02428043855275064
1896 -0.08834302509910685
1897 -0.0632697033153704
1898 -0.1279142233188395
1899 -0.10834212112627029
1900 -0.02083623305418314
1901 0.09863897302517444
1902 -0.11263635140420547
1903 -0.2862798525928838
1904 -0.276006859967481
1905 -0.24417651476017
1906 0.017731473464152714
1907 -0.04391090223941774
1908 -0.13127230100650422
1909 -0.1355056951317124
1910 0.005821424322732582
1911 0.14556607098592167
1912 0.031090590687654185
1913 -0.039242952315873936
1914 -0.07162094845602951
1915 -0.09186946759984949
1916 0.0002501143203517131
1917 -0.007236581779693552
1918 -0.01974352344637964
1919 0.041574819409390784
1920 0.07119093373836449
1921 0.1980413812280517
1922 0.1969387902876747
1923 0.11134005861248397
1924 0.024939338869785388
1925 0.1171475388571821
1926 0.01893676994507132
1927 0.012391031103845762
1928 0.13313423069695318
1929 0.1257907835118317
1930 0.25487018520459515
1931 0.11959140221904363
1932 0.010523728985219805
1933 0.04655928738458215
1934 -0.03226123888055099
1935 0.17897485055277684
1936 0.3494988144324225
1937 0.3303488425638079
1938 0.36998934688625695
1939 0.33742688690142586
1940 0.07921031834047199
1941 -0.028050871724872195
1942 0.08155234518517318
1943 0.07353473344176109
1944 0.32939696895221005
1945 0.3733770442017885
1946 0.22163839518549366
1947 0.25186393682463404
1948 0.26823294287135013
1949 0.3750115638201237
1950 0.36314175542844396
1951 0.2874322891086649
1952 0.2511658343552199
1953 0.13612468287936963
1954 0.09639648705768877
1955 0.25135069148370803
1956 0.2852895016930006
1957 0.23356403281223947
1958 0.26735876173802353
1959 0.4005268402540878
1960 0.2147660770556854
1961 -0.0269755647943839
1962 0.12429991072417579
1963 0.010108012984630932
1964 -0.10764361117315957
1965 -0.11661008577243592
1966 0.03782381912913024
1967 0.35224352910728385
1968 0.19832854658875476
1969 -0.050897963324473494
1970 -0.040866918307017386
1971 0.11222466843236134
1972 0.3415805098204032
1973 0.22670653049141265
1974 0.029020555080649046
1975 -0.13530154022600982
1976 -0.07726285407306932
1977 0.04584254880927574
1978 0.23630341009078393
1979 0.3327473379360413
1980 0.5487894452562614
1981 0.46628852567840795
1982 0.10121243006511804
1983 -0.016779040819812963
1984 0.24303897940865227
1985 0.37943338073239374
1986 0.5252539997001122
1987 0.5503238532795081
1988 0.4190089469358327
1989 0.24199414218566062
1990 0.36711275906532137
1991 0.5233743283739045
1992 0.35574771132849037
1993 0.2996077063968414
1994 0.2308147132813474
1995 0.3977266082657138
1996 0.5737161466307157
1997 0.5551065640108845
1998 0.5814723728901185
1999 0.6434700815921133
2000 0.9195549094209241
2001 0.7164713079814078
2002 0.46249455078623214
2003 0.49371241056189774
2004 0.6100592507729061
