850 -0.09273897049149582
851 -0.2210727275343629
852 -0.09737457345386247
853 -0.24702119997039063
854 -0.24637839078883417
855 -0.1725094496683255
856 -0.21574049274761364
857 -0.055467678018885636
858 -0.19306158290697795
859 -0.11163075128058608
860 -0.16878196053301053
861 -0.16902882504138006
862 -0.18807068182098874
863 -0.05674263115957956
864 -0.05738727218721351
865 -0.18374287945562173
866 -0.23722418581945703
867 -0.09681665980860998
868 -0.2321665026881874
869 -0.14755277089210495
870 -0.05394996592320922
871 -0.3479740615971991
872 -0.1564397107450759
873 -0.1556297911338902
874 -0.2355605936740517
875 -0.14272907410668267
876 -0.2325867460975246
877 -0.22043709423041946
878 -0.08202415682490027
879 0.0498316529280487
880 -0.12572107205159
881 -0.15615947156334187
882 -0.03761114261470766
883 0.13174802881127334
884 0.012730706707031914
885 0.1676437986208157
886 0.14924806054887085
887 0.18094603823578836
888 0.13809355010272384
889 0.07770780625861562
890 0.08417267974982678
891 0.047977806299797976
892 0.060810049632380014
893 -0.11539396792454681
894 -0.01427771587168536
895 -0.04324925214899622
896 0.007166741351852579
897 0.011081240605676612
898 0.011739502298325988
899 -0.038988886180959526
900 0.06389539665241273
901 -0.12189567976844273
902 -0.0659127039718328
903 -0.09357673670393751
904 -0.03595422890566624
905 -0.05215834572294398
906 -0.13069614614641978
907 -0.2063043824461488
908 -0.11357828762658073
909 -0.15335781696666118
910 -0.09517077086815107
911 -0.06092316697089473
912 -0.05985402492223102
913 -0.10065326430947152
914 -0.2147895181673789
915 0.036168361089380596
916 -0.0946454995354884
917 -0.014558579851382092
918 -0.1620502047414334
919 -0.12281569080704458
920 -0.08070073763451546
921 -0.1811622808103266
922 -0.02017603835116688
923 -0.1624034029782706
924 -0.05108808019861044
925 -0.026549454730513844
926 -0.13204707906629665
927 -0.09483475214892678
928 -0.08244084389991713
929 -0.12802040045409058
930 -0.10332202116597955
931 -0.02057647502584814
932 -0.16841962676642197
933 -0.1764724113000966
934 -0.21801814497933947
935 -0.14613208976879832
936 0.003979733881351422
937 0.016186468955879718
938 -0.1348702996580755
939 -0.13535713184722908
940 -0.07110531112346052
941 -0.08449172699772589
942 0.009623595433879473
943 0.03791898411839156
944 0.15577798396054732
945 -0.011461971689129768
946 0.19721797155187915
947 0.11863243427143288
948 0.034605803950228164
949 0.21089884738898945
950 -0.030836782242658956
951 0.08687879287998612
952 0.25928507401533807
953 0.16967141296316868
954 -0.02266593321047594
955 -0.023278282448927712
956 -0.014908519151276778
957 0.08025942884034976
958 0.03274159956004041
959 -0.06062690060133491
960 0.05888527890226669
961 -0.01351461632890505
962 -0.07208332934430928
963 -0.22800888875354985
964 -0.24006921170553142
965 -0.12796894659919644
966 -0.23628735722337524
967 -0.08884544660594429
968 -0.16832307493064036
969 -0.11844524487730723
970 -0.01785430242586017
971 -0.06792495730542214
972 -0.09121612721878591
973 -0.100424100605494
974 -0.1501576328197416
975 -0.13034222230913883
976 -0.10101517826785766
977 -0.02643030240687949
978 -0.14523236101786097
979 -0.08548457794199749
980 -0.10311871288098473
981 -0.16375227764251576
982 -0.12860995828179966
983 -0.16783872183862059
984 -0.2493458118505032
985 -0.18415201239270118
986 -0.11841693536825915
987 -0.1480018545269104
988 -0.03385699119826313
989 -0.1295280381944508
990 -0.1850097522739702
991 -0.07682497422314327
992 -0.09904841959541955
993 -0.091385648246046
994 -0.07670604169413764
995 -0.050713043635710164
996 -0.040403410058218014
997 -0.007972936587350432
998 0.006109240152056827
999 -0.06300823182527893
1000 0.11935669082293998
1001 -0.05492394368292253
1002 -0.019364690248551142
1003 0.003827684494638106
1004 -0.13806553598300297
1005 0.05835470247370722
1006 -0.013790180934790897
1007 0.08547088606502484
1008 0.0672636337893664
1009 0.06887639211913665
1010 0.08477372732767208
1011 0.05351848013856397
1012 0.1511196569142612
1013 0.07552704782932551
1014 -0.007172400654155808
1015 0.08368757839838281
1016 0.2199175844497745
1017 0.1760864875428183
1018 0.11418599244177585
1019 -0.10083045333891505
1020 -0.09312901470946144
1021 -0.035692407489023026
1022 0.17113863535479368
1023 0.003071678450453419
1024 0.009725646664946908
1025 0.025910741048448926
1026 0.014489065314251093
1027 -0.15741689233072975
1028 -0.03277399720144558
1029 0.004974445653999737
1030 -0.023703055653413685
1031 -0.08056404226829272
1032 -0.05454136212915728
1033 -0.09034705877883198
1034 -0.15663533260220674
1035 -0.11434254968617097
1036 -0.11986163285382645
1037 0.01558224245314932
1038 0.0022748148381310784
1039 -0.08717011509457961
1040 0.006315600450648162
1041 -0.0773885190017154
1042 -0.05516559955106004
1043 -0.011095978697994724
1044 -0.17807888015397566
1045 -0.042294929369518286
1046 -0.055896401170627996
1047 -0.02359589416352037
1048 -0.15768113172390485
1049 -0.05937904311662123
1050 -0.18312780267376638
1051 -0.09153931965795437
1052 -0.08341491481866115
1053 -0.001592517231642887
1054 -0.16014740080282763
1055 -0.17559884778791002
1056 -0.2150242227705803
1057 -0.13356784219416795
1058 -0.18533025411375093
1059 -0.17153945380067626
1060 -0.0964071424600661
1061 -0.12034355575752897
1062 -0.1063696574617552
1063 -0.054014487751260276
1064 -0.11843752637992111
1065 -0.11325704326344521
1066 -0.1583768403932595
1067 -0.14913804713637546
1068 -0.18025099739270445
1069 -0.04165218367910484
1070 0.013739042564850479
1071 -0.014302349948764004
1072 -0.06687823343042965
1073 -0.014814661024615816
1074 -0.034702050582609445
1075 -0.13397914263401844
1076 -0.09934559921362052
1077 -0.19183399943824497
1078 -0.16372673250793923
1079 -0.23587045141175622
1080 -0.1461397905479771
1081 -0.08107330214158992
1082 -0.12451249173051337
1083 -0.030590891168230883
1084 0.0065437618718533486
1085 -0.04507250188652279
1086 -0.0897458802136839
1087 0.012546006494460471
1088 0.016555762185475942
1089 0.007439440002883657
1090 -0.11313322728972253
1091 -0.21697105593102606
1092 -0.039290250368821944
1093 -0.11941329240823961
1094 -0.08033310958956008
1095 -0.12147780674331443
1096 -0.07099013841940405
1097 -0.12116827925393636
1098 -0.07489054434006448
1099 -0.03882406224471424
1100 0.05227908497715816
1101 -0.15268017053386984
1102 -0.04099049243535546
1103 -0.0790206225049701
1104 -0.12537751189216806
1105 -0.058024228962779034
1106 -0.21618125540436495
1107 -0.19028452930871254
1108 0.02930084687989165
1109 -0.07247948995683373
1110 -0.0433015574227511
1111 -0.06402737222776977
1112 -0.0023737985999332523
1113 -0.08915168268441676
1114 -0.06069918974827715
1115 -0.06789182750787859
1116 -0.026757234490901283
1117 -0.03563456020833655
1118 -0.16712167379574794
1119 -0.07860419993630785
1120 -0.16314102281558007
1121 -0.01398905986519594
1122 -0.13498507543613414
1123 -0.19298187759045504
1124 -0.16665186877861515
1125 -0.02302070597841066
1126 -0.1009176580129747
1127 -0.15913387252987832
1128 -0.1616840509025792
1129 -0.2104238290609146
1130 -0.11916678124532609
1131 -0.12566664052792476
1132 -0.16953685547838404
1133 -0.0795430095444658
1134 -0.07531894562083608
1135 -0.08874324861341165
1136 -0.1059348900254804
1137 -0.142529219163805
1138 -0.10299301121312965
1139 -0.12926558425289159
1140 -0.004618655723049869
1141 -0.14600771849256944
1142 -0.105897566130011
1143 0.06606358617557362
1144 -0.11682084004615945
1145 0.08157105334788639
1146 0.07509770301174967
1147 0.03935824967419421
1148 -0.03912254753436173
1149 0.038641599194136234
1150 -0.06689019180038258
1151 0.16393557091453204
1152 0.07966676870245237
1153 0.1624209275797739
1154 0.26286397902936187
1155 0.0906868955197524
1156 0.07133687243566555
1157 0.04027291040932823
1158 0.028816274665587116
1159 -0.057733105471527324
1160 0.02887753298870166
1161 0.001890857603314089
1162 0.18873257838174595
1163 0.1343702671358642
1164 0.12360812990516479
1165 -0.06321708257718228
1166 0.09130636364187694
1167 0.07968609267521742
1168 -0.02925400161223024
1169 0.059997864193576333
1170 0.07438570506610631
1171 -0.08569194585777495
1172 0.041602560373576125
1173 0.018304217074785356
1174 -0.11589622396411414
1175 -0.12880446799164247
1176 -0.11126844869875185
1177 -0.12271425128000146
1178 -0.13747173883035657
1179 -0.10747964522045095
1180 -0.0963550591807234
1181 -0.08502382527518648
1182 -0.052657721037576266
1183 0.011275250835240058
1184 -0.06117185933504743
1185 -0.0726039525064266
1186 -0.007669638624406616
1187 -0.039133649106418034
1188 -0.038856643618316866
1189 -0.1008968844832907
1190 -0.10061302877528533
1191 -0.11251808542442632
1192 -0.11353910998514039
1193 -0.08329978641904745
1194 -0.14690206353333224
1195 -0.13571031942211675
1196 -0.19029134533121805
1197 -0.15762667229722638
1198 -0.13802385596204658
1199 -0.18114832934662672
1200 -0.20412526064882286
1201 -0.14259951865784615
1202 -0.21014558837589448
1203 -0.21548880649464763
1204 -0.10765993906881022
1205 -0.082806821202837
1206 -0.10031325721445228
1207 -0.08161766919914726
1208 0.015989672748276007
1209 -0.1072420844188855
1210 -0.1476988805034125
1211 -0.07803634240855217
1212 -0.049185771032227876
1213 -0.14027814611250733
1214 -0.365028216569101
1215 -0.16107739568656143
1216 -0.18117873526057338
1217 -0.0957101669559961
1218 -0.13902259015742402
1219 -0.14223671173834873
1220 -0.12266861080615854
1221 -0.15624945425713577
1222 -0.12706714257564045
1223 -0.039190135393141645
1224 -0.01739652397924374
1225 -0.17113597165138117
1226 -0.07337814415637922
1227 -0.1195013802986864
1228 -0.20069627005284474
1229 -0.18462316017667035
1230 -0.3086220830954858
1231 -0.20964661641448856
1232 -0.22519504968084902
1233 -0.30626448576038
1234 -0.20283428824780003
1235 -0.07060808444407485
1236 -0.157409301543737
1237 -0.1644825994309258
1238 -0.1692780298070602
1239 -0.16687134974506534
1240 -0.13802202083860493
1241 -0.07739778772531736
1242 -0.10145166939918226
1243 -0.1631796805958743
1244 -0.12618147684241876
1245 -0.13434373381039677
1246 -0.08479116757251859
1247 -0.18104365160752423
1248 -0.15592604486693062
1249 -0.281077919764698
1250 -0.19965130648188278
1251 -0.19407327456201529
1252 -0.187218165725767
1253 -0.19796555171552654
1254 -0.1716206502905493
1255 -0.23635453109699256
1256 -0.06215456112636275
1257 -0.057271069855517
1258 -0.683721246200605
1259 -0.7404918152895448
1260 -0.5740725234643378
1261 -0.39818563777976124
1262 -0.28399773553445584
1263 -0.25243046257503465
1264 -0.19337191549379895
1265 -0.029670259736803928
1266 -0.16038966584335412
1267 -0.22167322970238956
1268 -0.24820968288770473
1269 -0.14793353851240454
1270 -0.10441171562524687
1271 -0.11326611447532287
1272 -0.0948064537582809
1273 -0.16076685922291745
1274 -0.13389482258577345
1275 -0.32901321517266524
1276 -0.38985405564483244
1277 -0.3099060577144428
1278 -0.34233776207958044
1279 -0.20592710175657203
1280 -0.2135934872705434
1281 -0.15367329915176242
1282 -0.1636219187154211
1283 -0.21276716147156094
1284 -0.28801115873028493
1285 -0.33538441279779363
1286 -0.35304716776511214
1287 -0.36145197403823204
1288 -0.31438994443192314
1289 -0.41410387139194427
1290 -0.4389588246247058
1291 -0.46865813599072226
1292 -0.3667898040432078
1293 -0.24903577746641758
1294 -0.3064831349021233
1295 -0.2777846915203668
1296 -0.28398538193874856
1297 -0.2779126689801501
1298 -0.010603129454864302
1299 0.012434254581137338
1300 -0.13002819504970375
1301 -0.10150299859566303
1302 -0.2301024697515004
1303 -0.22836123800192354
1304 -0.14901540888740783
1305 -0.17351341032747314
1306 -0.11383978458553656
1307 -0.17903880244477932
1308 -0.11490986477861043
1309 -0.07748179623342821
1310 -0.21480775428858578
1311 -0.20572972942426304
1312 -0.12509538951803734
1313 -0.03480026667170932
1314 -0.14041947334203542
1315 -0.07378232875987578
1316 0.05893839518131472
1317 0.05129959056438338
1318 0.03752692312474437
1319 0.04602423134315359
1320 0.0014256211684937625
1321 -0.010976413660785056
1322 -0.01253078222930526
1323 -0.08608166200508549
1324 0.0876151842201125
1325 0.03647513952586223
1326 -0.006454593884996029
1327 -0.03197965330770103
1328 -0.11413612510256144
1329 -0.0731788403705309
1330 -0.06850663184093264
1331 0.0451596312659035
1332 -0.011036108728262661
1333 0.06691778849699404
1334 0.06085102642975926
1335 0.13393532043539835
1336 -0.10470710122552873
1337 -0.05721657007183012
1338 -0.009848754223924061
1339 0.010682436901220171
1340 -0.037192430054176384
1341 -0.09696487081833993
1342 -0.2547748782292274
1343 -0.11854479953007058
1344 -0.14694888622506141
1345 -0.2550150779484852
1346 -0.1760616075902135
1347 -0.13950845139117973
1348 -0.12270598755145556
1349 -0.12019407344183719
1350 -0.2706866479234691
1351 -0.2200267951936894
1352 -0.03626859003423988
1353 -0.1524471565295471
1354 -0.13929932415470603
1355 -0.18555798327219009
1356 -0.24577145356317942
1357 -0.30401438825481364
1358 -0.30125616834442326
1359 -0.05007657581518288
1360 -0.14983807898886425
1361 -0.1019046020981591
1362 -0.18527218129469247
1363 -0.22092243061939598
1364 -0.01773244494188475
1365 -0.1775470490388784
1366 -0.07956121097822688
1367 -0.0894273050736274
1368 -0.042665597866914595
1369 -0.14951262935136356
1370 -0.060145918083492234
1371 -0.10344545307418684
1372 -0.05887260471871514
1373 -0.037596175158853384
1374 -0.03845204929376678
1375 0.0030705153396297646
1376 -0.01778694725879859
1377 -0.08223067918788729
1378 -0.07307891058673022
1379 -0.19148206656541333
1380 -0.1680918324101981
1381 -0.18282347754643524
1382 -0.13372271029874128
1383 -0.14154051317058247
1384 -0.13698097270145126
1385 -0.2350415002678119
1386 -0.19860309457601488
1387 -0.21961346999302123
1388 -0.15022901253229293
1389 -0.14273417397038202
1390 -0.19952555309612308
1391 -0.14320630272794688
1392 -0.10665798871036714
1393 -0.07209327976477198
1394 -0.1966818657423346
1395 -0.1435644829759326
1396 -0.26749604922565595
1397 -0.20515980360517005
1398 -0.204710275452328
1399 -0.200693376827644
1400 -0.1558053284445009
1401 -0.11659391439729916
1402 -0.11239109416908377
1403 -0.09923649456487738
1404 -0.13151231497397475
1405 -0.14358710021485876
1406 -0.22715779708994432
1407 -0.19693111138928998
1408 -0.33005109984168257
1409 -0.1320590162117128
1410 -0.2504494683260532
1411 -0.13476056274907933
1412 -0.1880666080776905
1413 -0.10013845401158505
1414 -0.19549632350725688
1415 -0.01699090396516567
1416 -0.3041317240099488
1417 -0.26857667813413855
1418 -0.23402921932915888
1419 -0.1852945795094456
1420 -0.09072426608724982
1421 -0.28211837040566934
1422 -0.20754383318200098
1423 -0.23810454442696027
1424 -0.16313535327395812
1425 -0.24951623715611504
1426 -0.3224493352303739
1427 -0.16308309639339313
1428 -0.13348682169231552
1429 -0.16992936543181258
1430 -0.08732546616244008
1431 -0.26156001714804233
1432 -0.14474275566334427
1433 -0.15372502357314488
1434 -0.09572602584461265
1435 -0.34678977861204885
1436 -0.19285456449233607
1437 -0.1523454086228071
1438 -0.17677347886933603
1439 -0.2157335571109229
1440 -0.23706616132409408
1441 -0.4046933403746493
1442 -0.17931049515135555
1443 -0.19412031583811995
1444 -0.16339391382092572
1445 -0.21210520137270805
1446 -0.26244072047956024
1447 -0.35340105261320787
1448 -0.14633631307151518
1449 -0.04705857183989792
1450 -0.1516892303950499
1451 -0.16753178247097367
1452 -0.43666795081441023
1453 -0.5170877608006208
1454 -0.5425136055471853
1455 -0.4003709950469556
1456 -0.2663810707100538
1457 -0.1844721867695398
1458 -0.24107098231240798
1459 -0.2862508526200145
1460 -0.2803275505568763
1461 -0.31477472928452244
1462 -0.1883678077307991
1463 -0.2836733654864929
1464 -0.10525883875214959
1465 -0.21971736603580894
1466 -0.14364933328909046
1467 -0.14736917222006696
1468 0.06555434345528965
1469 0.014869229625048774
1470 -0.08783509251651367
1471 0.08237339607171634
1472 -0.020533572745762285
1473 -0.03022131404333095
1474 -0.14638123391989666
1475 -0.11903147345037723
1476 -0.20399527393186645
1477 -0.1571387814907439
1478 -0.1973265612292039
1479 -0.177708796288357
1480 -0.20036399889738732
1481 -0.18309217304698677
1482 -0.27062875508130446
1483 -0.2170025569319023
1484 -0.27939035235527854
1485 -0.30073662350031327
1486 -0.34690944621678454
1487 -0.2332556159332171
1488 -0.12329015341100558
1489 -0.3271182408657296
1490 -0.20698429185654277
1491 -0.17403363142193484
1492 -0.1549746311926583
1493 -0.18107506481885594
1494 -0.2278041941368656
1495 -0.17841071582728318
1496 -0.1844749531937282
1497 -0.16563836420107236
1498 -0.27696152753065917
1499 -0.342187313743068
1500 -0.18889875418096835
1501 -0.23050998275544998
1502 -0.21832470402813442
1503 -0.1811810539875296
1504 -0.1992864938942489
1505 -0.13997899210505693
1506 -0.2892068747898975
1507 -0.24953415481240881
1508 -0.12768254969495274
1509 -0.11146796438316642
1510 -0.22209736616127884
1511 -0.034109762606078675
1512 -0.14264092978640974
1513 -0.24472523781025757
1514 -0.18611649888441661
1515 -0.10132156491084743
1516 -0.128781458662786
1517 -0.09623379340223437
1518 -0.10675234629854913
1519 0.008081659041863531
1520 -0.05012329759313161
1521 -0.19597033348901505
1522 -0.262734353421024
1523 -0.23915471235847008
1524 -0.21182753999602255
1525 -0.22548948580066508
1526 -0.2968981933088344
1527 -0.2868464336235661
1528 -0.27029304574409707
1529 -0.23007041191095823
1530 -0.1276959111198721
1531 -0.09769669546648174
1532 0.014821686046559535
1533 -0.15397124747318003
1534 -0.07117468481061451
1535 -0.26205856148192197
1536 -0.2837946247422565
1537 -0.12510173635217825
1538 -0.11855874443460834
1539 -0.07517942228884067
1540 -0.1354032991700933
1541 -0.24635155219459648
1542 -0.19290672787889207
1543 -0.16214430481051068
1544 -0.194536588718222
1545 -0.0710864480129203
1546 -0.1586732524827994
1547 -0.22876789858560187
1548 -0.21683548724251978
1549 -0.10089144939820471
1550 -0.0589042845615495
1551 0.007971910932838
1552 -0.16592388837028693
1553 0.11861602921754866
1554 0.050026950521100844
1555 0.038776410250704885
1556 -0.013993464421446333
1557 -0.06518367348689935
1558 -0.017048146453760182
1559 -0.037150062886723845
1560 0.08072583194694971
1561 0.04185591970747282
1562 0.11653811775607892
1563 0.050649105742309075
1564 0.06536024970125709
1565 -0.15226356671661279
1566 -0.1706615588705631
1567 -0.07578999166912581
1568 -0.11230523479611065
1569 -0.14413594709060362
1570 -0.10920792676910196
1571 -0.07231740810965448
1572 -0.18647439010408107
1573 -0.11050489708253508
1574 -0.0698938412757002
1575 0.0969478542965021
1576 -0.08186949929034881
1577 -0.03505987195427451
1578 -0.02486454694525264
1579 -0.008188537130536133
1580 0.08105718030770959
1581 0.01858644780298846
1582 0.0025351234572781323
1583 0.06572604566082418
1584 -0.1268005267196486
1585 -0.021347461569803272
1586 -0.028497812670991607
1587 -0.02633205554923279
1588 -0.12523574155875394
1589 -0.07329315732755504
1590 -0.11285042674660417
1591 -0.1358581865127917
1592 -0.10222445810933323
1593 -0.3341860051624508
1594 -0.1660891735367045
1595 -0.13407766452974101
1596 -0.19751781258293022
1597 -0.3253231536550629
1598 -0.161204698588449
1599 -0.2677768886367744
1600 -0.37010844598779613
1601 -0.40211970763840554
1602 -0.39538126820940533
1603 -0.31606620004595243
1604 -0.3506381796185565
1605 -0.3169195913878866
1606 -0.23357566724126855
1607 -0.20891161955540838
1608 -0.22027170695059795
1609 -0.2141679709391724
1610 -0.10215478302723113
1611 -0.17741322378128643
1612 -0.11906025879517301
1613 -0.12731053608740694
1614 -0.18437781533020825
1615 -0.0416100168102389
1616 -0.08720320301853235
1617 -0.0757869154817854
1618 -0.13519812244533114
1619 -0.2064979857718754
1620 -0.12607651784128393
1621 -0.28901563242305883
1622 -0.20155026431666556
1623 -0.2605503738815287
1624 -0.2072547863571117
1625 -0.26908549585209585
1626 -0.16077136106883927
1627 -0.20315406799204538
1628 -0.10494412465573077
1629 -0.1600591691234854
1630 -0.14223842952475252
1631 -0.05025975259269444
1632 -0.1693127634555367
1633 -0.14625165294137332
1634 -0.08614898740029275
1635 -0.07500159638283321
1636 -0.0875211047952007
1637 -0.09496722277395975
1638 -0.011345605829944816
1639 -0.20755939205020013
1640 -0.1918205819804939
1641 -0.2867816749945291
1642 -0.29239294537080696
1643 -0.37088128088197436
1644 -0.35345713106960375
1645 -0.2581417405758657
1646 -0.31952915312439245
1647 -0.35842195114895503
1648 -0.4040295003907204
1649 -0.4190605103389089
1650 -0.19438856974738883
1651 -0.18875795982950194
1652 -0.11734106505002728
1653 -0.19399190972666247
1654 -0.19253317759017818
1655 -0.273418077181077
1656 -0.23892756975118346
1657 -0.07467824211420293
1658 -0.13115969715886422
1659 -0.12651490990049297
1660 -0.15588764585976378
1661 -0.24247732044818804
1662 -0.1521150513417524
1663 -0.19054666433430612
1664 -0.11525575558039236
1665 -0.20437406703535999
1666 -0.09981534613183385
1667 -0.21670358201401996
1668 -0.14859623563654623
1669 -0.16969267117178788
1670 -0.20057055184497585
1671 -0.2223442593339655
1672 -0.3442652812348115
1673 -0.2690848444854055
1674 -0.40692659062654
1675 -0.28870010854996053
1676 -0.3722391285782578
1677 -0.26290672804634596
1678 -0.262514048433502
1679 -0.36934892003932873
1680 -0.15684853419315914
1681 -0.2985581185478736
1682 -0.2852468575927105
1683 -0.13046759668327468
1684 -0.1981480577350112
1685 -0.27985579390684734
1686 -0.33538039844808054
1687 -0.4209759133347575
1688 -0.32265863824784446
1689 -0.3083618731098454
1690 -0.32811007102498024
1691 -0.14698347322104155
1692 -0.14800759047204792
1693 -0.27720705633402076
1694 -0.15840185338299761
1695 -0.1656847381355533
1696 -0.26841897341842014
1697 -0.28643337586947837
1698 -0.26511187604450015
1699 -0.22624353050292711
1700 -0.3024216186370836
1701 -0.2719635983378339
1702 -0.33611838007698225
1703 -0.24121075154431537
1704 -0.3164456257452457
1705 -0.35807971890125145
1706 -0.42951373059167963
1707 -0.27927714820839356
1708 -0.40194977441456103
1709 -0.3523428224436884
1710 -0.421965981621895
1711 -0.28537385369685353
1712 -0.43469313162421486
1713 -0.3372518453067528
1714 -0.2887624010575678
1715 -0.3864132378120644
1716 -0.3255705967559379
1717 -0.32822464720391054
1718 -0.15085498544038956
1719 -0.26127891936573633
1720 -0.3041000857120366
1721 -0.3637217743032011
1722 -0.32632379115773347
1723 -0.3516702475282045
1724 -0.35575633860207745
1725 -0.2847517728710045
1726 -0.2286750817848997
1727 -0.2711962952014346
1728 -0.17570485814758285
1729 -0.33852530015519733
1730 -0.17329241402518392
1731 -0.313307384960126
1732 -0.19433576570554578
1733 -0.2423289627348595
1734 -0.3392107380336711
1735 -0.15298141214725547
1736 -0.19582532288580978
1737 -0.08840262636067564
1738 -0.17940756997614926
1739 -0.18693938102813945
1740 -0.2032353786264025
1741 -0.33483157912729666
1742 -0.22395684119982207
1743 -0.17909514544192007
1744 -0.10105373233767523
1745 -0.2447431184404536
1746 -0.2609727468338292
1747 -0.32874066427098114
1748 -0.32376164084206493
1749 -0.3017111514124622
1750 -0.26236407262007333
1751 -0.3116891754174276
1752 -0.23868934919903495
1753 -0.22256423586242136
1754 -0.2850777852654005
1755 -0.155260529854786
1756 -0.18975410374508783
1757 -0.06874177361203238
1758 -0.11908769660288954
1759 -0.15911956579532216
1760 -0.2099317828130438
1761 -0.3339208473373674
1762 -0.5480390170106944
1763 -0.4406328775031625
1764 -0.3304787051118865
1765 -0.4565773864329117
1766 -0.24152589510083544
1767 -0.28525387858604745
1768 -0.17105982187661084
1769 -0.11835238699103456
1770 -0.11559212012087983
1771 -0.15661235574572174
1772 -0.19317372099635577
1773 -0.025651365910789536
1774 -0.08406232623565302
1775 -0.106947456491298
1776 -0.11865539809394932
1777 -0.1479341819772344
1778 -0.03249684589275148
1779 -0.16548766261678338
1780 -0.12821943403622527
1781 -0.183111073736427
1782 -0.18818147257564988
1783 -0.16323933511654332
1784 -0.19753436926242784
1785 -0.09533008401604093
1786 -0.20189736485059484
1787 -0.19647953080362868
1788 -0.20682058132405245
1789 -0.0710590532248716
1790 -0.12064078470365303
1791 -0.20849860335141557
1792 -0.13878848005458622
1793 -0.22510994402011875
1794 -0.052210845810577666
1795 -0.08541123017022301
1796 -0.09766496111654988
1797 -0.15260340023093022
1798 -0.18092355661354986
1799 -0.06018439911861151
1800 -0.17029389929592753
1801 -0.1339214547591041
1802 -0.24244126052565207
1803 -0.05363228610065107
1804 -0.15474513009638713
1805 -0.15077826601566358
1806 -0.09593071523903518
1807 -0.13997656308674777
1808 -0.15672014109969723
1809 -0.3082326956205179
1810 -0.13757503521935632
1811 -0.33671447067916915
1812 -0.2312694524808876
1813 -0.1788422890395509
1814 -0.30099252022603196
1815 -0.4848526120430279
1816 -0.42309499185790855
1817 -0.40335162416909043
1818 -0.20950996651157539
1819 -0.41202279792742047
1820 -0.31131852990159814
1821 -0.1539250842816955
1822 -0.22261102921669362
1823 -0.13157400268369202
1824 -0.15972448285003793
1825 -0.1254934872732747
1826 -0.1697434822106061
1827 -0.15066399042910916
1828 -0.06499158411475037
1829 0.0004238751841967314
1830 -0.06943006496487669
1831 -0.17043828275819806
1832 -0.10519892859696256
1833 -0.09928554075781904
1834 -0.17773680815037096
1835 -0.27892282624247855
1836 -0.26660769965542386
1837 -0.13535250616763506
1838 -0.12759333966624808
1839 -0.12480536389239205
1840 -0.05932991148193878
1841 -0.09572207736425753
1842 -0.13513034338473062
1843 -0.03116070295521922
1844 -0.10359513440681667
1845 -0.08946892806983442
1846 -0.07297307638037864
1847 -0.13350426605904886
1848 -0.03696633001612781
1849 -0.06367965449942403
1850 -0.04066671041340442
1851 -0.02032087126974602
1852 -0.06340671271851761
1853 -0.08190689003413354
1854 -0.06955347051751914
1855 0.031013061474880033
1856 -0.04094428945688833
1857 0.04390464495151036
1858 -0.03440100738231422
1859 0.02289942073008433
1860 -0.10869242154723224
1861 0.09093680452315311
1862 -0.07736349342985704
1863 -0.04363247755014754
1864 0.02346092478836681
1865 0.018448338846894785
1866 0.05587278815499985
1867 -0.04527213018963039
1868 0.0006731073880246186
1869 0.08241799931204241
1870 -0.0408455408902455
1871 -0.015326201140567264
1872 -0.015316285812843944
1873 0.005272683206897
1874 -0.10611923468059103
1875 -0.008011211878510949
1876 -0.019496569936791275
1877 0.040549765013906836
1878 0.11540526039198085
1879 -0.0794750770936048
1880 -0.032350387969415806
1881 0.08775652689865865
1882 0.06033215278188209
1883 -0.05997170682292108
1884 0.11732616162640852
1885 -0.046292602056155374
1886 -0.07884679248485327
1887 -0.01570682370555687
1888 -0.0616736589025777
1889 -0.0646451718682215
1890 -0.11188376453418414
1891 0.05353141265885597
1892 -0.012588382989974889
1893 0.06095672787409967
1894 0.03523214813651521
1895 0.03838114806023896
1896 0.021744515339321424
1897 0.13195785844766306
1898 0.10170990081138598
1899 0.07638760604328354
1900 0.0785389298146697
1901 0.05374206201287279
1902 0.14091133521958454
1903 -0.0742970250058761
1904 -0.005115160742661828
1905 0.0801774306322045
1906 0.0486024109148957
1907 0.13043085136445143
1908 0.12352627202204758
1909 0.05911427755063414
1910 0.058082128313060366
1911 0.11628316224590662
1912 0.10780977823964122
1913 0.09442709292136442
1914 -0.05626023318245643
1915 0.06660007313911365
1916 0.037204368435595825
1917 0.19073588670283925
1918 0.15770564045266156
1919 0.1116371594457064
1920 0.09158901774895867
1921 0.07689140625120672
1922 0.04751434447024394
1923 0.06537422975969776
1924 0.08585647110777472
1925 0.023279581299789243
1926 0.0917728213108262
1927 0.06194392918740732
1928 0.15533709852888933
1929 0.23531834564931842
1930 0.21170265846626535
1931 0.2567775934043084
1932 0.1998545258370541
1933 0.3942088029910451
1934 0.4409077365272651
1935 0.3638467137899397
1936 0.3178909882099106
1937 0.3096135956652688
1938 0.28618812517828474
1939 0.24706695682272084
1940 0.2631379966778127
1941 0.319932536897511
1942 0.311043814142522
1943 0.3083393656634712
1944 0.3597051080579945
1945 0.4489629486997728
1946 0.3756932411566254
1947 0.42711853700888014
1948 0.426445729797706
1949 0.36028266757256233
1950 0.35591084299346676
1951 0.303077801113659
1952 0.30344737324020343
1953 0.3709046217746277
1954 0.45846384198898704
1955 0.474422257826177
1956 0.5244858805999115
1957 0.3575835417270241
1958 0.44222284254925626
1959 0.4298577495508198
1960 0.3789989363208406
1961 0.45201670360961543
1962 0.4182439229190891
1963 0.33477265960556224
1964 0.40536538758954066
1965 0.2687086512823953
1966 0.3625181960792929
1967 0.40620095286891456
1968 0.4431049761650456
1969 0.4846594181444175
1970 0.5006323580890353
1971 0.4599767409023343
1972 0.6040627131227438
1973 0.5783536484565275
1974 0.5944114033536039
1975 0.6136602172474568
1976 0.6190881164583857
1977 0.6332578187166291
1978 0.5249939187854125
1979 0.6410814773328184
1980 0.6339798630748987
1981 0.8060397256354577
1982 0.7086512130497908
1983 0.8058597895966386
1984 0.6749287281468241
1985 0.6615074859719812
1986 0.7533215499823314
1987 0.7343123036511088
1988 0.8016713062106078
1989 0.8042512566991604
1990 0.951644980551066
1991 0.9598265865614053
1992 0.9360320918739831
1993 1.0688018082859116
1994 1.0571199090743448
1995 1.1184259718904173
1996 1.044248836959298
1997 1.1419702392025783
1998 1.307505132221479
1999 1.0865256169811914
