850 -0.29379843012458196
851 -0.22632946685774868
852 -0.2340799972264449
853 -0.11221442635815038
854 -0.4854373819041484
855 -0.4414813460526261
856 -0.12119000351452769
857 -0.09067769769023926
858 -0.14547272256169208
859 -0.16441404979417484
860 -0.1887074774385269
861 -0.10944289947218522
862 -0.04394912557864927
863 0.06802114130681503
864 0.04931066021777042
865 -0.10015473960521604
866 -0.09630701708795186
867 -0.032609737491043234
868 -0.03330159054547721
869 0.15283127652793382
870 0.24192037637027397
871 0.14564928161411217
872 -0.005940362192916382
873 0.07181387743816003
874 -0.1029842879902958
875 -0.15935296432951418
876 -0.002768270654087246
877 0.060450777823461976
878 -0.06492324649877901
879 0.12582475755812084
880 0.06786741533989016
881 -0.07214183883974101
882 -0.1231861902248852
883 -0.008500487158585202
884 -0.11240478161568035
885 -0.053201835279764964
886 -0.029504594986633492
887 0.054433773308346645
888 -0.15100756836477558
889 0.04569521395109177
890 0.014119751578903106
891 0.01720446634436712
892 -0.03620568460598861
893 1.3622257768020063e-05
894 -0.015164840974989602
895 0.0964109325057052
896 -0.009701045350425375
897 -0.36841452496628335
898 -0.269152967130708
899 -0.14196717964154004
900 0.029927408812284284
901 -0.17309044101961035
902 -0.0902326036548402
903 -0.01108302741482703
904 0.001863690947629948
905 0.06527876176807013
906 0.24583703775510912
907 0.07614834309663365
908 0.07315536503807607
909 0.14826979938845852
910 0.09382452551125198
911 -0.06311873315343064
912 0.07955462639961297
913 0.060787453732984886
914 0.08194435709003756
915 0.10686269278124882
916 -0.08848564204896547
917 0.07850723013649485
918 0.14967940988827877
919 -0.13071747179157
920 -0.20990859173008403
921 -0.012263663786654888
922 0.1625365331524904
923 0.01878586299659446
924 -0.07508023776875916
925 -0.036076037696602725
926 0.13404863488875662
927 0.1499061884890125
928 0.02795246772433302
929 0.20362256205066842
930 0.2167877036332584
931 0.13723410256829993
932 -0.07217559333713552
933 0.022226497202552764
934 0.21750729538752012
935 0.09543100074540689
936 -0.019811807204121124
937 0.12851031692224524
938 0.289605523135549
939 0.2998274147973916
940 -0.02422526321066698
941 -0.11740843843574567
942 -0.0709631559659556
943 -0.06762914064580627
944 0.045606640690493805
945 0.22663292632682897
946 0.031142338317351914
947 -0.0847266412019394
948 -0.06393309566124117
949 -0.045079559743328446
950 0.09122505818334048
951 -0.05136774892332596
952 -0.08312392504655008
953 -0.0089058208369579
954 -0.08947935435776344
955 0.06313763830041808
956 0.012531920021388032
957 0.05869133774740476
958 0.2166794509493002
959 0.1294117271891082
960 0.20994360927363687
961 0.3192114240947035
962 0.2906913074291424
963 0.06363428127889392
964 0.15332557394856394
965 0.2309661462126087
966 -0.12211797214558828
967 -0.10369000019818486
968 -0.11165642507620532
969 -0.024914146786102265
970 0.003894935808034461
971 -0.2900241420117027
972 -0.3898119732326677
973 -0.18432077326440321
974 -0.30264745800923265
975 -0.09110576640375712
976 0.0028524622102850117
977 0.07031472899649316
978 0.2132466159290516
979 -0.07539540735535866
980 0.05904302568393405
981 0.13027697377827963
982 0.1042467525783195
983 -0.13097555413867212
984 0.020463902434471493
985 -0.015256735045625192
986 0.09329635824218485
987 -0.06563164271187816
988 -0.08183381906218301
989 -0.07090013891684066
990 -0.011966821422845442
991 -0.07744427006292653
992 -0.2000891894433039
993 -0.09110424004205697
994 -0.17205165850356252
995 -0.13756709116921684
996 -0.036156318347252636
997 0.18691837164402614
998 0.0507124457871555
999 -0.07634456432663228
1000 0.15744243079092257
1001 0.14150086505242143
1002 -0.016297447032457058
1003 -0.04560122013054979
1004 0.0073517870934551866
1005 0.15975618243282952
1006 -0.07667008150036736
1007 -0.03458527723591942
1008 0.07447622190090897
1009 0.0650444813011859
1010 0.11816458474629599
1011 0.02003152033614697
1012 0.0004466787093519997
1013 0.12129879755013917
1014 0.09712603975481215
1015 0.002430608438260151
1016 0.12562220683122405
1017 0.21462632992250974
1018 0.0902794537862519
1019 0.10166453350490201
1020 0.06185161382956039
1021 -0.08233834410179952
1022 -0.028546542301057798
1023 -0.05407987349542509
1024 -0.008505976075582566
1025 -0.19883043858527572
1026 -0.028259101505284434
1027 0.02501568367517848
1028 -0.08936612670083832
1029 -0.0900869883431028
1030 -0.07192101298664966
1031 -0.10015982185649364
1032 -0.003607167943357581
1033 0.03412890757590503
1034 -0.03767828853330002
1035 -0.12349247535820496
1036 -0.17597952301264286
1037 -0.19066331933390757
1038 0.07980395421611775
1039 0.31694720639620755
1040 0.16246984246276952
1041 -0.03948109668272082
1042 -0.06480069941119382
1043 -0.16274596076829084
1044 -0.10196403419831768
1045 -0.0682202640102787
1046 -0.15275112681030123
1047 -0.09694559331671826
1048 0.1966015581979832
1049 0.011355863061908167
1050 -0.05879557323316931
1051 0.29450654396282516
1052 0.3585209421349873
1053 0.1938804725739942
1054 0.33856811214519666
1055 0.19076131413345365
1056 0.1528964018096417
1057 0.2833835792341688
1058 0.43328432997878963
1059 0.19918096457092815
1060 -0.03517094270245025
1061 0.05379472550754372
1062 0.10731147025347809
1063 0.16073738867697784
1064 0.15080504059812938
1065 -0.0013256181051133353
1066 0.21865705198894148
1067 0.04473258265448976
1068 0.15542314293270465
1069 0.2541475187941842
1070 0.3414654237502077
1071 0.15695363825841468
1072 0.17928501538744968
1073 0.16966147524556163
1074 0.19676480768583815
1075 0.24086471480552518
1076 0.12696361946677825
1077 0.21953825200483834
1078 0.21765474082855008
1079 0.08167273756760096
1080 0.12892237512704696
1081 0.23901822867617284
1082 0.17607421877426077
1083 -0.01020350516370172
1084 0.07647627341987118
1085 0.2406685461953657
1086 0.1030277712322345
1087 0.12220092891180911
1088 0.08482105411678731
1089 0.18482773945856934
1090 0.19968963749943214
1091 0.17687483756230904
1092 0.1867592937778113
1093 0.2899476068957938
1094 0.17452818987055707
1095 0.1167748624851015
1096 0.1939887472353803
1097 0.2234132344871682
1098 0.14518364475316048
1099 0.025439889181086528
1100 -0.02405125534187391
1101 0.20672869255537307
1102 0.38880670645067994
1103 0.29862803066703236
1104 0.1272979426181564
1105 0.04565706083843679
1106 0.12336643756771082
1107 0.07055369721723537
1108 0.03070749476484025
1109 0.14721444079606272
1110 0.15362902783516574
1111 0.20887544081210763
1112 0.1751219178100314
1113 0.08086040352662849
1114 -0.11523386825319903
1115 0.10505899632710225
1116 0.2514544259094009
1117 0.22595706752525757
1118 -0.07411570177839621
1119 0.08884211975151857
1120 0.07553861636455395
1121 0.025432319778985857
1122 -0.053036615521705244
1123 -0.055081501062943516
1124 0.13978198836736055
1125 0.11158477881724593
1126 0.059569261545334484
1127 -0.12922905712468946
1128 -0.013914869850509604
1129 -0.0690326476637324
1130 -0.0013101537953161824
1131 0.2938721786533165
1132 0.19885728497933997
1133 0.15630422633307717
1134 0.30168407018572907
1135 0.40890449039056875
1136 0.39633816967926805
1137 0.09553786354007343
1138 -0.014736519224641143
1139 0.08150244683270103
1140 0.0469622954548754
1141 0.2316564279957447
1142 0.18270793386375317
1143 0.12182112699161962
1144 0.12496780371139948
1145 0.2355461730954289
1146 0.21014141123526997
1147 0.10028271013402446
1148 0.31466415104779344
1149 0.30694186326974204
1150 0.02096407005757328
1151 -0.0805809068237977
1152 0.08375011414858591
1153 0.18816243993086346
1154 0.42699821263715876
1155 0.32354354402207264
1156 0.13720707795255294
1157 0.19835213356304848
1158 0.09481764819304317
1159 0.1827887790594218
1160 0.14157590994432212
1161 0.18421421483998301
1162 0.19249578624612695
1163 0.2818173638041799
1164 0.11542721536108047
1165 0.04131090400397852
1166 0.08176284615547047
1167 -0.06321868024946298
1168 0.00477763185404001
1169 0.21337014468542748
1170 -0.011300006362432669
1171 -0.0630659231880486
1172 0.04965798810957267
1173 0.003407277783480822
1174 0.12310377076425993
1175 -0.06418799154118915
1176 0.06697571077512521
1177 0.07757924668896976
1178 0.11906007436880373
1179 0.08700403949609381
1180 0.09799138460289214
1181 0.08895250112277608
1182 0.22268657909995682
1183 0.29042294984526507
1184 0.06967944843069063
1185 0.006550181464490379
1186 0.054871525476357874
1187 -0.00031019250843655755
1188 0.19781754733668322
1189 0.36244156799733673
1190 0.250528248424871
1191 0.3449824063313258
1192 0.3436291078520526
1193 0.1782933914338969
1194 -0.14703818978250638
1195 -0.3078468519781268
1196 -0.37079914651042145
1197 -0.18852277873963885
1198 -0.20969649332130302
1199 0.17591100533115878
1200 0.11884823266819922
1201 0.143081672191272
1202 0.11934861691645438
1203 0.00973864842455896
1204 0.1345455963905806
1205 0.15454632168626858
1206 0.032026017727730505
1207 0.046188969568731864
1208 0.2068886907356955
1209 0.1744821704496644
1210 0.05350048486837977
1211 0.023264157810615416
1212 0.12236611044710344
1213 0.10693863939911807
1214 -0.15236897066540678
1215 0.04383332139110507
1216 0.06485662317828655
1217 0.034605795304855747
1218 -0.00704870476005226
1219 0.07572023390889626
1220 0.19386146209006938
1221 0.05255116198293308
1222 -0.057509314314984294
1223 0.0027957481897828984
1224 0.12844939869211203
1225 0.1498703792412357
1226 0.03883395927965694
1227 0.14671020927613654
1228 -0.1295625562328837
1229 -0.5297242433724705
1230 -0.5523173626171456
1231 -0.2548892887518832
1232 -0.17259645897189557
1233 -0.14604957108775807
1234 -0.13540519890256064
1235 -0.29688078773267534
1236 -0.44625374238756876
1237 -0.27550961172909183
1238 -0.2701355218761705
1239 -0.23453596536000987
1240 -0.13204631537911382
1241 -0.1338104149024275
1242 0.10724010350986646
1243 0.1955645733108895
1244 0.15522708484735404
1245 0.13770868518781754
1246 0.038341701652939264
1247 0.175091556097982
1248 0.13715516827500096
1249 0.08827943848422137
1250 0.07739198514747159
1251 0.09023461101560315
1252 0.17054053524555002
1253 0.007526478671422865
1254 0.1594303579594225
1255 0.16069441244934524
1256 0.254357532235872
1257 -0.005789855367424934
1258 -1.295399987418591
1259 -1.3327760948699847
1260 -0.889914201570889
1261 -0.48574494479055375
1262 -0.2618747501100529
1263 -0.06721304657713745
1264 -0.21090262020857153
1265 -0.18936786659418203
1266 -0.04033631461049936
1267 -0.08243929357809066
1268 -0.07540432411263964
1269 -0.05345373607173087
1270 -0.25632023908457313
1271 -0.14198526067798412
1272 -0.057558127238905854
1273 -0.02662198842460839
1274 -0.06820831559105045
1275 -0.19625724681338852
1276 0.01786914594032396
1277 0.13220704224590918
1278 -0.07293230444162191
1279 -0.11901163960715166
1280 0.15023024840797916
1281 -0.09300260659227888
1282 0.007358993544471559
1283 0.09947857122159576
1284 0.03528924302594305
1285 -0.02682195448613811
1286 -0.35484551299600753
1287 -0.38299086391430137
1288 -0.4624145468507095
1289 -0.4223502172248459
1290 -0.34714293118622663
1291 -0.12207079166091717
1292 -0.15576100587230712
1293 -0.09948825135501238
1294 -0.11805725025845959
1295 0.016696707429844082
1296 -0.04077446679656305
1297 0.038434117385008904
1298 0.1906968870779906
1299 0.003986310897687417
1300 -0.020886935506553073
1301 -0.12832339931912884
1302 -0.03739163745797214
1303 -0.09018893486523893
1304 0.1053697415538295
1305 0.0274304184479206
1306 0.03247910343247895
1307 0.14130052963753315
1308 0.14676239364507637
1309 0.09811484648395208
1310 0.12480539269364499
1311 0.20116831787896672
1312 -0.015956493221153778
1313 -0.06929176596901243
1314 0.020279501385005005
1315 -0.03294213584490535
1316 -0.03545614742199632
1317 0.08248083885229107
1318 0.13578767294899308
1319 0.17212668564997102
1320 0.050814878596895596
1321 0.12018822591926437
1322 0.049004532830394965
1323 -0.13397445996264423
1324 -0.05527346413600753
1325 -0.07131158080153455
1326 -0.2542881000086936
1327 -0.2216400343851319
1328 -0.15222000191124607
1329 0.0698317680338505
1330 0.12362265681474582
1331 -0.10358373445723146
1332 -0.04883751856573326
1333 0.11524536022488974
1334 -0.09104858405447658
1335 -0.1428577032527869
1336 -0.06734766025493855
1337 -0.08281763922047958
1338 -0.23489854141303113
1339 -0.06281050417550205
1340 -0.12669132675779338
1341 -0.17399856609472408
1342 -0.2531602768153789
1343 -0.16577743006439505
1344 -0.11270028959643241
1345 -0.41604382565139986
1346 -0.28661706150546706
1347 0.050708467638514776
1348 -0.02232786619487115
1349 -0.17223963866769054
1350 0.04052348446089127
1351 0.06311935171055438
1352 -0.02438560722123384
1353 -0.13094057307046114
1354 -0.09424611724227816
1355 0.11149466206200032
1356 -0.02199169806590362
1357 -0.24639335141711172
1358 -0.21507628859336592
1359 -0.15687778572493016
1360 -0.11478352974052086
1361 -0.19119674719235036
1362 -0.12482588135145534
1363 0.17298875393794333
1364 0.14380403835747302
1365 -0.008449424806883599
1366 -0.010318506032660935
1367 0.0706347094420039
1368 -0.03668878577155965
1369 -0.18463065411043544
1370 0.05698193584873934
1371 0.17703646816164564
1372 -0.06036055295038523
1373 -0.06463984555921343
1374 0.036645281556502596
1375 -0.13195074762774084
1376 -0.26216901976602003
1377 -0.11142797654139258
1378 0.14323489324169714
1379 0.06523275678392793
1380 -0.16631503202381737
1381 -0.08877390170187027
1382 -0.18742649118621557
1383 -0.16520908131826673
1384 -0.15633758922922425
1385 -0.1358730146741891
1386 -0.18834432274508117
1387 0.004167879007695774
1388 -0.10158458671622839
1389 -0.04368375680172676
1390 0.05541096963719383
1391 -0.07052246642740556
1392 -0.023650164866467094
1393 0.16466495538463732
1394 0.12590648333844
1395 0.001636103542125511
1396 0.03773944853651301
1397 0.281601138327062
1398 0.1386043948086808
1399 -0.07901347787952773
1400 0.12428191021012935
1401 0.19385133134824173
1402 0.33548818447985695
1403 0.12901761352100038
1404 0.018272292734536677
1405 0.19095027577844803
1406 0.04764883123976915
1407 -0.04226437027466545
1408 -0.06706436117190151
1409 -0.173341401867674
1410 0.13305561527101872
1411 0.04957862676531022
1412 -0.04357597329010332
1413 0.1418264866319987
1414 0.11551104623282527
1415 -0.03581469972243667
1416 -0.010623817376881561
1417 0.059561982699960936
1418 -0.017482566721980675
1419 0.08521204875120247
1420 -0.11502516261538176
1421 -0.018736555443581437
1422 -0.06382158564360907
1423 0.14828263718163726
1424 0.0833255321496722
1425 -0.06716338048545367
1426 -0.047394663975865114
1427 0.20480254468054682
1428 0.2030134274261286
1429 0.19095085257771416
1430 0.19912659948630562
1431 0.014971785136253857
1432 0.26665999226776194
1433 0.25979853493669225
1434 0.17017326934984567
1435 0.2177265502994601
1436 0.030933494715952747
1437 0.23117811070272865
1438 0.2782921723691629
1439 0.2014508461500668
1440 0.16630147623192215
1441 0.08861381950589475
1442 -0.03426814193028349
1443 -0.1560769748008397
1444 -0.25113604626875485
1445 -0.07470899595523406
1446 -0.1152605451271711
1447 -0.13951713176220437
1448 -0.05111605213187431
1449 -0.08841347906758301
1450 -0.2108689714257821
1451 -0.19048712491678543
1452 -0.0711352255057136
1453 -0.18996940324882416
1454 -0.32691793499179767
1455 -0.3682403283184499
1456 -0.691753315543906
1457 -0.8489571899975772
1458 -0.6724695416310738
1459 -0.49849691959735765
1460 -0.2094849111454664
1461 -0.03212076805817787
1462 -0.21151624931917468
1463 -0.33126898345386735
1464 -0.25055931752137894
1465 -0.08492760322945969
1466 -0.17400860552584163
1467 -0.15973401337663518
1468 -0.1329474930094534
1469 -0.1487773129750849
1470 -0.17779752965611806
1471 0.11812054542212991
1472 0.014055890680083394
1473 -0.16364731496952345
1474 -0.11247078150091738
1475 -0.17807671310987416
1476 0.03886598499974525
1477 -0.01973408360504436
1478 -0.007730878419408782
1479 -0.22983791482857896
1480 0.07763535498799001
1481 0.0861937416989349
1482 -0.15412928410620452
1483 -0.06647670747747725
1484 -0.09826161794950394
1485 -0.133307703761659
1486 0.035641408555989074
1487 -0.07404835244955166
1488 -0.1023758307860021
1489 -0.07002221367139327
1490 -0.17951231657667677
1491 0.03954645956918057
1492 -0.06823805862239851
1493 0.13549197226910792
1494 0.16498515680927994
1495 -0.0037587762737416597
1496 -0.07834239448374092
1497 0.20478649580229558
1498 0.13980469000267703
1499 0.013519190525471458
1500 0.017961083781756315
1501 0.060829727323607585
1502 -0.0004948022082089665
1503 -0.032441092134490646
1504 -9.994108410182889e-05
1505 -0.13753547361540086
1506 -0.0589436518288835
1507 -0.042639019279249624
1508 0.02567996282976992
1509 0.00295793414994705
1510 -0.014281383605577957
1511 -0.004741620323613915
1512 0.06953612449086677
1513 0.02228104482787785
1514 -0.01122531379951397
1515 -0.15500528656576762
1516 -0.03065872899730948
1517 -0.06711396114764057
1518 -0.019629909121590572
1519 0.12757102818721933
1520 -0.0843709566876214
1521 -0.03541191100771357
1522 0.015526978747573139
1523 -0.15275482607717095
1524 -0.18310887683071542
1525 -0.05321706587352537
1526 -0.061640879857804975
1527 0.2569093010339998
1528 0.3339386793533663
1529 0.0572362203818102
1530 0.10731243106511101
1531 0.014796512245709437
1532 -0.041609832224423826
1533 0.022386223766375224
1534 0.0710614491782735
1535 -0.03930298842630009
1536 -0.009525245935037674
1537 -0.006059586450646748
1538 -0.02885470656394773
1539 0.19148826577418276
1540 0.06431423446474582
1541 0.014757791464035108
1542 -0.04331975658686815
1543 0.1322744725625853
1544 0.3828859111682732
1545 0.0782387303980272
1546 -0.033463159088853445
1547 -0.041414857206120814
1548 -0.061453172222684316
1549 0.05929855765856473
1550 -0.013970018067766432
1551 -0.0474565844525614
1552 0.057273062513729656
1553 -0.04109178533724389
1554 -0.026168418275346994
1555 0.12376465276093995
1556 0.1065430860971901
1557 0.0883334804116771
1558 0.11040382355810152
1559 0.11343031357057498
1560 0.030145615211608856
1561 -0.23633856909435735
1562 -0.10295539350789795
1563 -0.09513716106698666
1564 0.04006685659442155
1565 0.14619042535883864
1566 0.0697526685925709
1567 0.1024303673174245
1568 0.191027809613729
1569 0.13811821810577385
1570 -0.13417996484952255
1571 0.00040179351185543055
1572 0.23977873374991532
1573 0.14457958939664195
1574 -0.04004696218362369
1575 0.026163101124723198
1576 0.2216267104686267
1577 -0.025587996446574834
1578 -0.21077684144944442
1579 -0.05495104666061934
1580 0.014191679310499694
1581 -0.025196186793209563
1582 0.06292419991189035
1583 -0.13273109877235356
1584 -0.07803456242248785
1585 -0.2074624808686849
1586 -0.007877435996874738
1587 -0.014129969895179784
1588 0.11606152482062271
1589 -0.04004451630618178
1590 0.0017856686432082824
1591 0.062130728503461796
1592 0.12789605304215002
1593 0.050651242123649354
1594 -0.21922034580813943
1595 -0.16840627212042136
1596 -0.00017857255755870938
1597 -0.147568501960734
1598 -0.15200087992542421
1599 0.09512582203956299
1600 -0.31489908942472766
1601 -0.5959726619751677
1602 -0.3841004700107078
1603 -0.2986018843209308
1604 -0.3145059168917328
1605 -0.11939135324678318
1606 0.037801006260338
1607 -0.08933780696207805
1608 -0.08411932956641976
1609 -0.1550273988183335
1610 -0.34025029626036485
1611 -0.257396029481356
1612 -0.11265350171896671
1613 -0.13513378568455892
1614 -0.17960772680680748
1615 -0.03958312978608092
1616 -0.1419255885063535
1617 -0.02884918974689299
1618 0.07159079684288372
1619 -0.015287977217724347
1620 -0.09751336828333024
1621 -0.160516649708768
1622 -0.24717159481031103
1623 -0.13025759030159634
1624 0.0017454066701247939
1625 -0.2582573218123798
1626 -0.2511409270999252
1627 -0.12795184805946747
1628 -0.10826054689914599
1629 0.012276351303682986
1630 -0.18728688758636736
1631 -0.20890331165446696
1632 -0.039532783283618755
1633 -0.19094844600220995
1634 -0.18639626317605007
1635 -0.09629789028684854
1636 -0.19074465813338293
1637 -0.03234450706924008
1638 0.036768164827492456
1639 0.013752596849712972
1640 -0.14393707449323756
1641 -0.4062488636135413
1642 -0.48322852397637917
1643 -0.5044538252413417
1644 -0.33030217144624885
1645 -0.47091140215286487
1646 -0.6035313476718329
1647 -0.5641480261928677
1648 -0.3875916940492061
1649 -0.15750108855877443
1650 -0.13741445713162648
1651 -0.13981412170619478
1652 -0.10028465097309436
1653 -0.1540234606048898
1654 -0.17782662919086079
1655 -0.12066171760926636
1656 0.04656016535295748
1657 0.03199725628678607
1658 -0.15889308308362615
1659 -0.2088315480943379
1660 -0.25808069912341125
1661 -0.1424433533468914
1662 -0.01718792579794126
1663 -0.03961236384657241
1664 -0.04862442391907962
1665 0.05301066062980908
1666 0.15810221379638278
1667 -0.16337059960159195
1668 -0.24823070242780432
1669 0.019933265564645808
1670 -0.30997755326376364
1671 -0.1446132814855332
1672 -0.14467721399120137
1673 -0.18770718628536542
1674 -0.3523723635310603
1675 -0.35614596351325645
1676 -0.23688874283016048
1677 -0.24489370711256697
1678 -0.18362021822639463
1679 -0.16432505889531512
1680 -0.1446122378811765
1681 -0.3261165292722126
1682 -0.39039472054730595
1683 -0.2438216307203902
1684 -0.003049006844435098
1685 -0.04687085480844644
1686 -0.17570167720197105
1687 0.10844599116785503
1688 0.03339442674871407
1689 -0.03133072284140326
1690 -0.057076664811859246
1691 -0.10254552499873171
1692 0.1635080780108069
1693 0.0017240942040643858
1694 -0.1679066682953021
1695 -0.44124024400048256
1696 -0.740153721189813
1697 -0.6432616096564061
1698 -0.408290213381008
1699 -0.42121734430565994
1700 -0.4236342298057707
1701 -0.32145567731060964
1702 -0.22453791805196488
1703 -0.21565928181115623
1704 -0.15954807025264017
1705 -0.04645838038641159
1706 -0.08060269794623309
1707 -0.019784948676942804
1708 -0.036106282534433376
1709 0.008243459522589092
1710 0.0650332742526416
1711 0.21786231549685908
1712 0.06602510691743646
1713 0.07906174102174646
1714 0.07741336066862914
1715 0.05706573645721846
1716 0.050786021038675244
1717 0.09019060384605382
1718 0.053322121157009406
1719 0.007486691621522823
1720 -0.05285510774001523
1721 -0.02858708928482656
1722 -0.14738182325527305
1723 -0.02554735646504014
1724 0.12830269985346376
1725 0.24710460345431784
1726 0.10909616846532799
1727 0.07749477725229781
1728 0.2589313318344466
1729 0.03488435519011546
1730 -0.0043442201734933406
1731 0.11614326972073741
1732 -0.09075670019643667
1733 -0.18771685601728905
1734 -0.06921225244292373
1735 0.07659430078638252
1736 -0.0196262566565224
1737 -0.030652522583693553
1738 -0.016720395420009027
1739 -0.14389952918708104
1740 -0.23984358954481877
1741 -0.16186141575809643
1742 0.03322905166970713
1743 0.1872573030955209
1744 -0.12370016913166637
1745 0.0390895048120683
1746 0.03820930014694568
1747 -0.012379333523881542
1748 -0.032220005822921394
1749 -0.0169019072754395
1750 0.16865333284761164
1751 0.17324174022417083
1752 0.04214369186092881
1753 0.21509989843031008
1754 0.10461506946597865
1755 0.13778215220065704
1756 0.048136593471838296
1757 0.03985518845399838
1758 0.05550639863338347
1759 0.08196294142732086
1760 0.013598716994010829
1761 -0.11701473684530583
1762 0.032592914559984365
1763 0.1119097818735213
1764 0.20400759598754803
1765 -0.0925833901822557
1766 0.06961269097422473
1767 0.06061731049038599
1768 -0.04266015655429101
1769 -0.054303901150262845
1770 -0.10517794045682649
1771 -0.033770677396148585
1772 -0.18871139717049346
1773 -0.12461917124255706
1774 -0.08170983696436451
1775 -0.2750340498710102
1776 -0.16785409903371828
1777 -0.06189692783652845
1778 -0.06451502744886284
1779 -0.06583659698327438
1780 0.041565965294410034
1781 -0.04044950939425007
1782 -0.20975566932378342
1783 0.061327585774108684
1784 0.051267498429183433
1785 -0.04996202894074031
1786 -0.06727139925226311
1787 -0.05054922700639963
1788 0.09585010648731895
1789 0.12720529188328555
1790 0.23148344763757223
1791 0.33951152147295716
1792 0.07234748113319256
1793 0.057289825219754675
1794 0.21568128533311892
1795 0.022126765371751844
1796 -0.057088869799599706
1797 0.10640456442212098
1798 0.20106563471466643
1799 -0.012376927155742123
1800 -0.10175189471254953
1801 -0.09681765161974454
1802 -0.009033270502698088
1803 0.07987123101526095
1804 0.015831597904252703
1805 -0.049039362204268855
1806 0.08798713467047037
1807 0.08567581118381895
1808 0.041316765638441666
1809 -0.2710870110612973
1810 -0.528987479912189
1811 -0.5556819553930836
1812 -0.31801261318923935
1813 -0.0359307981871666
1814 -0.12465869363995807
1815 -0.63694891075545
1816 -1.0915300138687485
1817 -1.1310755327128845
1818 -0.992512848308138
1819 -0.8555562705981288
1820 -0.5305850146034459
1821 -0.4046294395112682
1822 -0.1919873871451614
1823 -0.1434207361680251
1824 -0.0751357271165034
1825 0.051562727074724535
1826 -0.0018942504011079109
1827 -0.19901848833899294
1828 -0.11936592367334242
1829 0.02159645209763994
1830 0.14686688684531646
1831 0.007539408461752828
1832 -0.2997884442623331
1833 -0.21102430877334655
1834 -0.1113444041051821
1835 -0.3271826596000551
1836 -0.2880951809457315
1837 -0.5073829198177009
1838 -0.3830759830605075
1839 -0.08971017254270919
1840 -0.008347474357378815
1841 0.004006365050202021
1842 0.1410846865591111
1843 -0.059523136671259635
1844 -0.10376789920826468
1845 -0.040404367314124556
1846 -0.03764160153320972
1847 0.05643473519700137
1848 0.03905354146314721
1849 0.007659705340188339
1850 0.12293219336322636
1851 0.20897679100755795
1852 -0.052400861740409255
1853 0.010502280881325987
1854 -0.009231891937474757
1855 -0.1688515219586293
1856 -0.09996878724149383
1857 0.005035394669391735
1858 0.11546880592538855
1859 0.03208139200040705
1860 -0.09106658784071442
1861 -0.09155853541727765
1862 -0.18117051957824515
1863 -0.0009118027910517412
1864 -0.026904798017369558
1865 -0.09875117585437465
1866 -0.04423712367668031
1867 0.15641934433705273
1868 -0.0010071718141944075
1869 0.2991629616223008
1870 0.17231556896189204
1871 -0.16343631652233626
1872 -0.10382624187440115
1873 0.08745311063989902
1874 0.17288479518202848
1875 0.3138611366296118
1876 0.21733512332747296
1877 0.012225878018568892
1878 0.20215547367729414
1879 0.08814896197787903
1880 0.041798364366741225
1881 0.19914021687964123
1882 0.09285513226365083
1883 -0.04231094988665518
1884 -0.30739476705593916
1885 -0.42488202768919336
1886 -0.39379181206192015
1887 -0.27704043244858667
1888 -0.198985511740716
1889 0.06784753925501263
1890 -0.2641083433388758
1891 -0.24569899297762277
1892 -0.10971621008496868
1893 0.05169108735901773
1894 0.008810950664042139
1895 0.22725856298160352
1896 0.024816472068209805
1897 -0.0024665976964115544
1898 -0.010003304397400825
1899 0.13802040862543663
1900 0.3405243389597672
1901 0.2420776935409208
1902 -0.058596086131615266
1903 -0.32875690675126634
1904 0.0522802277964729
1905 0.0950831461457824
1906 0.06714644908834089
1907 0.11202316569506365
1908 -0.05441251349600407
1909 0.01832957821574155
1910 -0.07979199444685037
1911 0.13574628680112255
1912 -0.009634448719282318
1913 -0.08164718742750665
1914 0.21213070088629138
1915 0.165790186797949
1916 -0.044303791013419414
1917 -0.0010385941948243271
1918 0.143798459174036
1919 0.1284051051642905
1920 0.043387816710605875
1921 0.2709906067581187
1922 0.3688684947015304
1923 0.30569656578938975
1924 0.3691619098838146
1925 0.24701600013361258
1926 0.14523506571521239
1927 0.40621324502956213
1928 0.2521632271375438
1929 0.13169351706119414
1930 0.36493058527554467
1931 0.27110106205151396
1932 0.2633049915709762
1933 0.3778851248418391
1934 0.2658435486920325
1935 0.1718668934071843
1936 0.31783107327891
1937 0.30531357776931145
1938 0.3264893621984015
1939 0.3026912212206412
1940 0.2391418858658767
1941 0.31925100269791074
1942 0.44154613048760893
1943 0.1170274994037186
1944 0.29173225366361066
1945 0.33686659084668236
1946 0.31254082484935
1947 0.17432685942344506
1948 0.2544765099082724
1949 0.41871013541612
1950 0.20602065327335595
1951 0.16095226049844769
1952 0.3362845188631809
1953 0.36499063553031874
1954 0.4050441524233861
1955 0.3462983637776915
1956 0.31498308865286617
1957 0.4169883205642009
1958 0.3324438948158672
1959 0.4881705499388431
1960 0.5207303264187431
1961 0.30914166688006617
1962 0.2329131233877888
1963 0.3483063531425046
1964 0.15808400887431162
1965 -0.07717909948166835
1966 0.16540481530370243
1967 0.1143662386024289
1968 0.29304156445203944
1969 0.3502965824949342
1970 0.5439068816336885
1971 0.3323150505396484
1972 0.17881832820398813
1973 0.31426004151370535
1974 0.35884052704233227
1975 0.35281854888154385
1976 0.35979138111417797
1977 0.39360435293338014
1978 0.6364642365916211
1979 0.34731865067118406
1980 0.5543978627740103
1981 0.5714072942401458
1982 0.4763473179335733
1983 0.32303815933272517
1984 0.33176123739667673
1985 0.4569906204271206
1986 0.49237914581317455
1987 0.6160053876037637
1988 0.6060085065977319
1989 0.7054453212710996
1990 0.6239614645598976
1991 0.5921631237760607
1992 0.4923309781953549
1993 0.3819110299472186
1994 0.258888720457378
1995 0.40956744415996127
1996 0.7514849595069109
1997 0.7246262807018411
1998 0.6718894248919014
1999 0.8418171274889801
