850 -0.00967882541635845
851 -0.010078622267826631
852 -0.21491126039029496
853 -0.4576969326639073
854 -0.37540073486616166
855 -0.18969818902962743
856 0.050154014988834206
857 -0.037078705010230806
858 -0.22867146478455425
859 -0.18929705928246676
860 0.11036540465727285
861 -0.014750986203523553
862 -0.24086864705805056
863 -0.18898682578566195
864 0.05381607712655523
865 0.1292779144991414
866 -0.06581092310693748
867 -0.048915160052558804
868 -0.06868418025237588
869 -0.15038988384048935
870 -0.0988143407622033
871 0.02742430154722797
872 0.03375657216184891
873 -0.016653364010892346
874 -0.039184971373799726
875 0.09449235504672515
876 0.013691576317967247
877 -0.07097109899962106
878 -0.04126916298469041
879 0.04191776780589862
880 -0.1747973498302713
881 -0.22025568513851113
882 -0.06981384364615906
883 0.09209688558513562
884 0.15369880794224855
885 0.03457362559379362
886 0.00849935234515442
887 0.04380067296801826
888 0.07768067095224751
889 0.14846387203681388
890 0.067499902902739
891 -0.08142556336946427
892 -0.17466797916546284
893 -0.11318603893772661
894 -0.014217269853133985
895 0.09955499672952328
896 0.10444219254156906
897 0.24492778522119352
898 0.09986891108559348
899 0.011400799448665566
900 -0.16024180981969494
901 -0.09466719021969539
902 -0.10967521004897662
903 0.10575203690291346
904 -0.09803268616610694
905 -0.22755045206304203
906 -0.1657370541690284
907 -0.026542172577592282
908 0.1262157216414721
909 0.11710083526577364
910 -0.12968009866841612
911 -0.21086556198952167
912 -0.04042773723000437
913 -0.048350853068996
914 0.08072923862670223
915 0.0795446133371911
916 -0.04870610546703347
917 -0.061085342076466986
918 -0.23114292605208675
919 -0.20638180534126604
920 -0.09703631010370373
921 -0.060457438532409924
922 -0.20302510711007926
923 -0.2226389194771059
924 -0.019243585718811573
925 -0.004964489335407052
926 -0.09784064555179839
927 -0.065427854866698
928 0.1379006002848655
929 0.11284452466782113
930 -0.18572247031943334
931 -0.1887014527127917
932 -0.11226496328100666
933 0.03155764935274874
934 0.11204161972204929
935 0.049817529331619426
936 -0.11514745562431017
937 -0.06014711927082317
938 -0.024457913719743374
939 0.038393034989667285
940 -0.06609601256951692
941 -0.33316270745865495
942 -0.2761018764337564
943 -0.1709260451862633
944 -0.11036232976988458
945 0.03646832865661054
946 -0.10300536131825311
947 -0.1726129367592648
948 -0.07034375581395125
949 -0.0034517113280116973
950 -0.015269940877658428
951 0.10512106105574048
952 0.07582758161373704
953 0.06018843003744223
954 0.024040564741994785
955 -0.03400392420292064
956 0.01595622225278248
957 0.1711008505188829
958 0.2109327404486976
959 -0.1301727973223592
960 -0.2920642844028407
961 -0.19230474358477068
962 -0.011209426272614564
963 0.13124601808959824
964 0.0953970742762067
965 -0.013503477207279957
966 0.07640612531082525
967 0.043029735032007466
968 -0.010772001831583111
969 0.05461748867020333
970 0.07925993501277162
971 -0.06383287656530001
972 -0.0872829254969929
973 -0.08590936605014576
974 0.06671802119086578
975 -0.011712365794096513
976 -0.31069669521463084
977 -0.12939291555665022
978 -0.11713512707723339
979 -0.08361525947708515
980 0.14394732281050437
981 0.03364911627073752
982 -0.062415312664882094
983 -0.12803790275694382
984 -0.06479063940565766
985 0.02154081029630106
986 0.0015369615737768072
987 0.02375203890079547
988 -0.03343899188297428
989 -0.030718373584136316
990 0.00027000363922979886
991 0.010236114719248235
992 -0.039009317814020505
993 0.023705018951943657
994 0.21447863845742177
995 0.2131931262371154
996 -0.0772973055055104
997 -0.15068874997587045
998 -0.07898887285284673
999 0.15773762798932012
1000 0.06635647257957089
1001 -0.12454784061606006
1002 -0.08368922361131581
1003 -0.054432931949918384
1004 0.03521451798428643
1005 -0.038791263371081186
1006 -0.030272726784062343
1007 0.03590034856284774
1008 -0.01889310776550701
1009 -0.08032889453698999
1010 -0.11177641570174046
1011 -0.11198153298107627
1012 0.05626937760439432
1013 0.17808239901961542
1014 -0.012780675547503506
1015 -0.1422506788788951
1016 -0.05717673115105981
1017 -0.03422641995535969
1018 0.15576469248912872
1019 0.037065526816377314
1020 -0.0906665438438381
1021 0.08505471167313772
1022 0.2385956448126194
1023 -0.0069605028854766715
1024 -0.14123019045473484
1025 0.05327855616178567
1026 0.09858100731383956
1027 0.016091094840987807
1028 -0.21474487361462025
1029 -0.17424732196815285
1030 -0.013757946345151595
1031 0.057900038864090675
1032 -0.08280121048011324
1033 -0.11690648625955191
1034 0.0030352106842883586
1035 -0.003307063808563271
1036 0.07034418900536821
1037 0.03911295255903724
1038 -0.08170291027283838
1039 -0.2966533829770128
1040 -0.14506678723410005
1041 0.1999964287352327
1042 0.03369973032454254
1043 -0.231698211856326
1044 -0.14649888771293718
1045 -0.043031824562774545
1046 0.018606674858290262
1047 -0.13824457357975461
1048 -0.19166853881915813
1049 -0.08946319321211149
1050 -0.02912917157175343
1051 -0.06272820339870577
1052 0.00292374065736567
1053 -0.06090839362434508
1054 0.07823868044260962
1055 0.012552660992014353
1056 -0.017732487913917794
1057 -0.05498483560529621
1058 -0.15865247627993995
1059 -0.13291254729983848
1060 0.11833858488461146
1061 0.26300389019507975
1062 -0.06572470850903755
1063 -0.1028087141618812
1064 0.05612755327933883
1065 0.15661091611156053
1066 0.17498636955991742
1067 0.19852469106814397
1068 0.010692819748442162
1069 -0.11249821902254098
1070 -0.029714753537803062
1071 -0.04263872279352654
1072 -0.05345198576208077
1073 -0.06586171253218254
1074 0.0488214172107746
1075 -0.046759879431760965
1076 0.037116044333174614
1077 -0.011617741386316993
1078 0.025539757121180173
1079 -0.13160707433405605
1080 0.06821497308612834
1081 -0.021078815487157954
1082 -0.15161235565437892
1083 -0.1360996237838208
1084 -0.13728938452777584
1085 -0.04299147439905937
1086 0.10194027648088877
1087 0.06006197290412274
1088 0.026058014954173814
1089 -0.06356068215143296
1090 0.008388499723082532
1091 -0.011294051914262582
1092 -0.06819478361461506
1093 -0.03589138919278412
1094 -0.03458236267641723
1095 0.09224454260663606
1096 0.04847588692280169
1097 -0.09812226564298498
1098 0.04119819206977127
1099 0.14492684690668511
1100 0.009758422243066889
1101 -0.12692365669715855
1102 -0.13545167906357847
1103 0.08835149461930314
1104 0.2907420787620367
1105 0.07361136661239698
1106 -0.13127930067287252
1107 -0.12300334243559519
1108 -0.017871863953814682
1109 -0.47829343723958573
1110 -0.5597753872156659
1111 -0.47020413398632854
1112 -0.49229598704283717
1113 -0.2764028407678438
1114 -0.04413987564004174
1115 -0.20012492280034166
1116 -0.19900257475313765
1117 -0.24399229497009856
1118 -0.2128410582382685
1119 0.014266169239931514
1120 0.05070540492135933
1121 -0.09297344856605605
1122 -0.12344501037784994
1123 -0.03841623656694537
1124 0.002635560948476723
1125 0.1687942782974119
1126 0.056343441831643304
1127 -0.18796660341985216
1128 0.012654275454565322
1129 -0.04596645807703226
1130 -0.06140549493778735
1131 0.053621070856195274
1132 0.06218249946471133
1133 -0.044499087666508785
1134 0.05587121796639849
1135 0.17361369668077486
1136 0.12042874985866092
1137 -0.07812119084752567
1138 -0.02996710248061163
1139 0.09644218165431084
1140 0.21787670549576887
1141 0.25241150921493727
1142 -0.08296269727287608
1143 -0.16878221820428507
1144 -0.058606033982925965
1145 0.038206056535159405
1146 -0.01611739102605725
1147 -0.059394347800946434
1148 -0.011585008773522532
1149 0.04842579167046779
1150 0.05580351298306141
1151 0.13784744064088272
1152 -0.0049233846347078725
1153 0.03076767128220581
1154 -0.09092202888166412
1155 -0.06726577542605128
1156 0.024032489900378096
1157 0.006697644795053748
1158 0.132663032445123
1159 0.006807304065716835
1160 -0.22348041979785194
1161 -0.15395340368831967
1162 0.02979955507316845
1163 -0.02069572167579281
1164 -0.06305602618760986
1165 -0.06654379833145185
1166 0.07088797740601649
1167 0.021133643086102438
1168 0.05243159299129729
1169 0.07867670346598743
1170 -0.09374521602927643
1171 -0.7073678757096786
1172 -0.5024123594288312
1173 -0.3328157858592249
1174 -0.23663873613861597
1175 -0.13156200805218532
1176 -0.09104037830820744
1177 0.08205949316231909
1178 0.012162628255680374
1179 -0.10369646450266146
1180 -0.23358437410024635
1181 -0.09059618408633696
1182 -0.06970063212969535
1183 -0.13383831793748868
1184 -0.13405870531090613
1185 0.0737984477885334
1186 -0.05001180060463639
1187 -0.2037079056513562
1188 -0.07546781052809592
1189 0.017876410165683865
1190 0.11273865230583624
1191 -0.2380275923861177
1192 -0.25090090278791877
1193 -0.09042788359118958
1194 -0.06131809197177063
1195 -0.01802388058302995
1196 -0.09402259185230832
1197 -0.05075494181960494
1198 0.06508554211961837
1199 0.1920217957595014
1200 -0.11758596156306567
1201 -0.12722132509708217
1202 -0.12595715169419464
1203 -0.10824751157343826
1204 -0.10365734590965303
1205 0.04728604020789362
1206 0.044793276621533096
1207 -0.13647785847371097
1208 -0.18209975259986777
1209 0.029142910486314122
1210 0.06866466682384953
1211 -0.028393338972591664
1212 0.09016596400641674
1213 0.2076354436561587
1214 -0.006054380770251555
1215 -0.09319837761034933
1216 -0.013406108807203054
1217 0.005569910293957037
1218 0.017102780287359565
1219 0.2002784746110251
1220 -0.06674483778152762
1221 -0.08627629876798437
1222 0.025476213394711067
1223 0.024121790239348684
1224 -0.04411401298909823
1225 0.03540850063234302
1226 0.09631606310233565
1227 0.14517024813272883
1228 -0.06265426459151513
1229 -0.32344900488419626
1230 -0.8775892578346429
1231 -0.4456320026756089
1232 -0.32146227017403817
1233 -0.4750729288186335
1234 -0.23956485275942896
1235 -0.18904055512643936
1236 -0.14384231282389237
1237 -0.10843183083107988
1238 -0.22345589040986624
1239 -0.26598894869277956
1240 -0.07948394283255311
1241 0.07214454246832247
1242 -0.10359626291597124
1243 -0.23521187577762248
1244 -0.21548903904681538
1245 0.009102919321946956
1246 0.27512778166419594
1247 0.0017302825792739895
1248 -0.038166931156013106
1249 -0.04164930243882736
1250 0.13464704432169583
1251 0.2614166110198539
1252 0.09972724367810315
1253 -0.1116062212028055
1254 -0.1279290400533455
1255 0.08356499384547078
1256 0.23406415135178804
1257 -0.21038819453519864
1258 -1.1566311637602098
1259 -1.1668282480351309
1260 -0.8151909150680581
1261 -0.589691380367924
1262 -0.4889968271349403
1263 -0.3448266831639444
1264 -0.2971558079079841
1265 -0.07169081500808261
1266 -0.13109912214071073
1267 -0.14867404497840653
1268 -0.17950650705080307
1269 -0.10486367072144276
1270 -0.13877551821434508
1271 -0.3413173892189434
1272 -0.1741674308243546
1273 -0.11383456185797058
1274 -0.05139623164342311
1275 -0.052110976806091
1276 -0.3171850289253939
1277 -0.4407694071392143
1278 -0.3972305094454214
1279 -0.34989986044189436
1280 -0.272378909271481
1281 -0.2495786946092835
1282 -0.03450019032942464
1283 0.22055639644781877
1284 -0.05886588663662451
1285 -0.29925025877048483
1286 -0.8319649884306273
1287 -0.621750246036413
1288 -0.3569931429435087
1289 -0.2615324700014412
1290 -0.1520859034092723
1291 -0.22176072140035785
1292 -0.120404326568746
1293 -0.008191022181676999
1294 -0.07780539779656692
1295 0.008955212558532821
1296 -0.0390064943244397
1297 0.16072561251075967
1298 0.235289596280154
1299 -0.09753934226506544
1300 -0.07388281203850511
1301 -0.12285933467973109
1302 -0.07638501610045978
1303 0.10498584339978834
1304 0.21637658240894098
1305 0.05369835849040783
1306 -0.03641357605442863
1307 -0.0266071565869197
1308 0.04177787894133189
1309 0.12340765398948861
1310 -0.03859878068175249
1311 -0.20074854604939674
1312 -0.05456255596709525
1313 0.13098028821440266
1314 0.006461359358297614
1315 -0.10824610022638126
1316 -0.009177080410495364
1317 0.005958264214484643
1318 0.008034776642034558
1319 -0.06257245307250514
1320 0.10480405635121315
1321 0.20789872482299643
1322 0.10478143812315466
1323 0.08820445703702262
1324 0.125682485387415
1325 0.1165652335353684
1326 0.14734076276971564
1327 0.23490396707813943
1328 0.20901979341164179
1329 -0.023304514350513728
1330 -0.09386791292132557
1331 -0.07820308857651526
1332 -0.00635247101359937
1333 0.13835621672882326
1334 0.1331221421375517
1335 -0.030231901908166492
1336 -0.009091346388572674
1337 0.060864236952454576
1338 0.2087624571310016
1339 0.24212512560609412
1340 0.13463290673360007
1341 -0.11939552577661061
1342 -0.11588104051998016
1343 -0.07603412446951552
1344 0.09458776117412526
1345 -0.5003782941237773
1346 -0.7402631709602474
1347 -0.559088824850619
1348 -0.3773169368878939
1349 -0.22473501944904228
1350 0.07645222350009817
1351 -0.04606765318635553
1352 -0.35066521051942345
1353 -0.3632873938996113
1354 -0.3020463972450216
1355 -0.07692586017515168
1356 0.09359319235403518
1357 0.0016399444176613542
1358 0.0011118079565903827
1359 -0.04688014261830631
1360 0.004818803254750037
1361 0.03892239964767441
1362 -0.14594162276324596
1363 -0.12156188254778044
1364 -0.19095367485391535
1365 -0.08259965516509737
1366 -0.034002330987277674
1367 -0.05361306661080789
1368 -0.08063317212719312
1369 -0.0032528137429039816
1370 -0.17552177440018113
1371 -0.18708294339666054
1372 -0.0020373634313273215
1373 0.08651112067803979
1374 -0.04247073607029961
1375 -0.09979890701231398
1376 0.12793503973648512
1377 0.20515819281257563
1378 -0.217338409870365
1379 -0.2596080334574822
1380 0.032273927442304284
1381 0.05119561287511942
1382 -0.11596115913079075
1383 -0.16421320852572308
1384 -0.09454840567138945
1385 -0.1158058401452422
1386 -0.1199338158558021
1387 -0.00875403656925755
1388 -0.04142355647854856
1389 -0.030197950792626216
1390 0.10329541765287331
1391 0.19873292471424975
1392 -0.05553854887386933
1393 -0.14402381146453536
1394 -0.07587298401182352
1395 -0.07353941207094294
1396 0.07758355144142115
1397 0.05880551477162044
1398 -0.18426015579063915
1399 -0.2198802061539027
1400 -0.16305443991058155
1401 0.08377663011503955
1402 0.05351175752622339
1403 0.05229133371420858
1404 -0.006101627705106694
1405 -0.1591627576923429
1406 -0.12018026960669204
1407 -0.07663731143122732
1408 0.02304237492694483
1409 0.17310569437609047
1410 0.035151774425969506
1411 -0.20122623252643734
1412 -0.24471497954709776
1413 -0.07144177136865437
1414 -0.05180417641662416
1415 -0.0847458908294243
1416 -0.055711302102565696
1417 0.12450108099324098
1418 0.10124425118277713
1419 -0.1841492799713933
1420 -0.2960864976647599
1421 -0.09434289526228667
1422 0.2051284342842905
1423 0.13022071294818716
1424 -0.18350038698611115
1425 -0.23812808772942162
1426 -0.04695247141228265
1427 0.1263184914966473
1428 0.17674283472217667
1429 0.005257165932221142
1430 -5.844578942060252e-05
1431 0.03061922358983793
1432 0.13557694750841165
1433 0.09407776010760927
1434 0.010789176251876142
1435 0.15707713642655108
1436 0.14596364550254748
1437 0.08948535382342016
1438 -0.04553588461766367
1439 0.07350976682323562
1440 0.20293279376397777
1441 0.1090680381880702
1442 -0.10205630433102897
1443 -0.11317693184463451
1444 -0.19065673158615937
1445 -0.13567051993658197
1446 0.005037708629060944
1447 0.007525858619203518
1448 -0.16434861530348144
1449 -0.1407944855611163
1450 -0.027190387829023166
1451 0.01450892934468584
1452 -0.11501575907567485
1453 -0.37724977425870065
1454 -0.24261290741628727
1455 -0.1906765925876357
1456 -0.20088842576666366
1457 -0.09405889138980683
1458 -1.0011093708239969
1459 -1.2464820816666702
1460 -0.8421086141763112
1461 -0.7325769959811055
1462 -0.6961223117864961
1463 -0.4668121835316015
1464 -0.19441300775935133
1465 -0.36313203254326254
1466 -0.3872168075031368
1467 -0.1856753480129214
1468 -0.15604385784365604
1469 -0.2211562356021659
1470 -0.13486556627970003
1471 -0.05019899246173054
1472 0.004619493606469405
1473 -0.1015784701913276
1474 0.027993044052664118
1475 0.12286222885541065
1476 -0.09819229298182108
1477 -0.14487451983274013
1478 -0.09782031378102829
1479 -0.043835539744918606
1480 0.11219203099852848
1481 -0.06638618043984934
1482 -0.27190089510543203
1483 -0.20612880377194642
1484 -0.07149028544660041
1485 0.15620304541471342
1486 -0.10527123698381047
1487 -0.13944908795173205
1488 -0.010919879640937324
1489 0.10646823202165479
1490 -0.09988995592829042
1491 -0.13888552521501651
1492 -0.08706893833510776
1493 0.2178603933007821
1494 0.1514370553446156
1495 -0.13416407867407543
1496 -0.1027808331141955
1497 -0.010368893188683614
1498 0.16439451709004516
1499 0.14499548050093836
1500 -0.07353488130718233
1501 -0.1625093584795536
1502 -0.14176452798511718
1503 -0.03341067148494403
1504 0.04782449705180625
1505 -0.010532034204061347
1506 -0.02921250999992253
1507 -0.0443270778613396
1508 0.0693825382218165
1509 0.1729949416582599
1510 -0.22799331990171368
1511 -0.5535262127652913
1512 -0.3694552757928591
1513 -0.14382962887987105
1514 -0.10801829550553066
1515 -0.147635242925503
1516 0.006944350330627458
1517 -0.08168102529538146
1518 -0.2217573628805667
1519 -0.14759149495523616
1520 0.14341988547442952
1521 -0.056848560549042304
1522 -0.3078317295371562
1523 -0.16033816489181163
1524 -0.08080164622703023
1525 0.05655864522935872
1526 0.03919950053887078
1527 -0.12444061873571854
1528 -0.0663628407656347
1529 0.10268509872372533
1530 0.15920765808516535
1531 0.012589834424375113
1532 -0.15029934727789396
1533 -0.10841248684579341
1534 -0.0656033564783911
1535 0.07302646961051096
1536 0.0911195232109776
1537 -0.045435854211689275
1538 0.03542606950708205
1539 -0.004577413302854438
1540 0.009450361815595443
1541 -0.023821863197213133
1542 0.028800871046883003
1543 -0.045234067836759095
1544 0.0681369835061787
1545 0.0738880778450266
1546 0.12050909503142293
1547 0.012455706683454082
1548 -0.0664193622582161
1549 0.06895797961334438
1550 0.22956582034214534
1551 0.22893957796640052
1552 -0.007106592281047597
1553 0.01197209597029314
1554 0.05526857066075763
1555 0.2537265187742719
1556 -0.018365672063453076
1557 -0.2529558748394152
1558 -0.18241059991356678
1559 0.022095298761882987
1560 0.1120359563995521
1561 0.18879328752302627
1562 0.06784335444831413
1563 0.051575379835242074
1564 0.06073186289768273
1565 -0.08443848058209369
1566 -0.0689785148956048
1567 0.03089610471749893
1568 0.09153537204468876
1569 -0.028070912998657604
1570 -0.2156336569109385
1571 -0.06916981318812532
1572 0.004684444786846598
1573 -0.09039111730618288
1574 -0.07984621537787007
1575 -0.07479062087668353
1576 -0.0398021414782761
1577 -0.16311051913902475
1578 -0.19137370984509516
1579 -0.09662641092785407
1580 0.09805841688853434
1581 0.07227903751021358
1582 -0.2096688170651646
1583 -0.23877724447515902
1584 -0.20255247409949106
1585 -0.2570898057234672
1586 -0.10367452836794655
1587 -0.2285041419609115
1588 -0.1177565861701737
1589 0.02538130173428499
1590 -0.146456382148358
1591 -0.053422793516517686
1592 0.11816096672833964
1593 -0.005901214818379685
1594 -0.12458049203661403
1595 -0.3016451264369948
1596 -0.2076709107796546
1597 -0.02744562475413659
1598 -0.161622406471281
1599 -0.25649568051647975
1600 -0.7735110910507501
1601 -0.527259469333444
1602 -0.29937210745237053
1603 -0.41050654796009667
1604 -0.36576746816348304
1605 -0.1770531567141802
1606 -0.123492054477083
1607 -0.14520319708248053
1608 -0.16645887984407182
1609 -0.14060517708651332
1610 -0.1836849271603569
1611 -0.14066509375362557
1612 -0.16311140503279375
1613 -0.18423392896312407
1614 -0.15225203054092162
1615 -0.13724498436306476
1616 -0.08010498312171421
1617 0.07691767728130117
1618 -0.0056072128249411435
1619 0.08533252122919066
1620 0.21395237938031642
1621 0.017364728477105018
1622 -0.04767638279253106
1623 -0.06606040506352429
1624 -0.0872184000183438
1625 0.12054501552097463
1626 0.14586899492974226
1627 -0.00277939443736841
1628 -0.07631029250859456
1629 0.0033758488194166603
1630 -0.01020854433011209
1631 -0.1334678997718015
1632 0.06686475420480065
1633 0.20298951980169022
1634 -0.009668178444428577
1635 -0.07775086484048188
1636 0.13798199393170307
1637 0.0686907325662105
1638 -0.12988969166661946
1639 -0.1601151824093563
1640 -0.2822600402529929
1641 -0.836261688523166
1642 -0.5248802633726086
1643 -0.5147710482024763
1644 -0.39058232429988493
1645 -0.261721643430576
1646 -0.23084560192205572
1647 -0.3653994140523764
1648 -0.2562586177398316
1649 0.039044564957293915
1650 0.03327290345663414
1651 -0.19964399720254278
1652 -0.2083352211266174
1653 -0.08134273739409537
1654 -0.11968829334068687
1655 -0.017518961034454605
1656 -0.013931426722024298
1657 -0.002623953060833628
1658 0.061451334461480656
1659 -0.1837684231491039
1660 -0.23625995401926048
1661 -0.24773629888869664
1662 -0.16851623202421706
1663 -0.04816308476716813
1664 0.061209249776027264
1665 0.10624211519359505
1666 0.1267371736204268
1667 -0.13475919720013962
1668 -0.1457049440327296
1669 -0.007077761509435732
1670 0.023362220000137768
1671 -0.20532195830384126
1672 -0.168805797571963
1673 -0.17449362737824003
1674 -0.3130132174647997
1675 -0.302163534508054
1676 -0.1551225646650778
1677 0.0909237155935898
1678 -0.025233416330650016
1679 -0.21816500882249557
1680 -0.1863631970049937
1681 -0.05856719223260143
1682 0.13516562279801292
1683 -0.06468211538515334
1684 -0.14418178700123008
1685 -0.13950866374710813
1686 -0.06389833212762142
1687 0.1558452974477973
1688 0.021943045219700252
1689 -0.22853737875345814
1690 -0.21226265013297052
1691 0.026815775785451024
1692 0.025083864385919696
1693 -0.14934713226165286
1694 -0.2829005900849779
1695 -0.6902388623927891
1696 -0.5593406586496599
1697 -0.4802123893622934
1698 -0.4383432259296569
1699 -0.2277903437472446
1700 -0.1828942019228066
1701 -0.2783439741668303
1702 -0.2783547617385693
1703 -0.2551225888254294
1704 -0.13547746436938723
1705 -0.04094582235939015
1706 -0.024676373044712818
1707 -0.08995216313320498
1708 -0.09364199627162861
1709 -0.11780481515688734
1710 -0.047864732126981835
1711 -0.0647444204971066
1712 -0.08283152769365643
1713 0.10306703788029381
1714 0.20296622304630318
1715 0.060115216617191436
1716 0.044888517294566554
1717 -0.031058242049766704
1718 -0.08925133965783516
1719 -0.08363365377522314
1720 0.08988168152404796
1721 0.12101346824721304
1722 -0.15326808311965578
1723 -0.1673644562553136
1724 0.05235534112256346
1725 0.22446945099738969
1726 -0.2036896685841043
1727 -0.16473736056889265
1728 -0.07140634124721146
1729 -0.022362520909098293
1730 -0.012280649947058464
1731 0.060319453720921956
1732 0.07980611214543387
1733 0.0797547611556979
1734 -0.0013422073651554456
1735 -0.09625360076125844
1736 0.15671773426566915
1737 0.06652740793714429
1738 -0.04250002789120799
1739 -0.05247414467521594
1740 -0.05425549216732861
1741 -0.010486338110581528
1742 0.1561011315889118
1743 0.23631456981945576
1744 0.010875018754859411
1745 -0.23913464257924488
1746 -0.147331553462152
1747 -0.010965931967973575
1748 0.10538036688222974
1749 0.353409664625417
1750 0.22785264961629537
1751 -0.04952776834966244
1752 -0.2161103784744114
1753 -0.21885145404610284
1754 -0.12589497457440757
1755 0.00024301136596704964
1756 0.017456624438409563
1757 -0.15622118737292112
1758 -0.2424426516650442
1759 -0.14150552839288366
1760 0.07119927142593951
1761 0.1774110415099699
1762 0.01857773366634774
1763 -0.23597373264152566
1764 -0.08182689574454116
1765 -0.06613783097412806
1766 -0.09238153762822776
1767 -0.025047186122606035
1768 0.05602211908637855
1769 0.10969725311645107
1770 0.004808911040754538
1771 -0.08143530893289608
1772 -0.08360194197143755
1773 -0.0927175881103608
1774 0.02422905017914445
1775 0.25765188115673254
1776 0.23753867854958344
1777 -0.10618615105772733
1778 -0.011787610480041621
1779 0.057760711560547406
1780 0.14171305037609727
1781 0.2689138052347744
1782 0.11240395348971788
1783 0.04141906736515466
1784 -0.0853337395382141
1785 0.028941287489601564
1786 0.038849536490261016
1787 -0.028100658590688
1788 -0.10625290825129241
1789 -0.15430404214077953
1790 -0.02854483639623595
1791 0.11145577964043696
1792 0.1410966100204405
1793 0.08325436971199451
1794 0.13953561041665807
1795 0.1446885070338908
1796 0.10428433253429148
1797 0.22498312988437874
1798 0.1388234740446137
1799 -0.23582230608747068
1800 -0.29972267240674455
1801 -0.07526436923245683
1802 0.012125061256710978
1803 0.05338156852076281
1804 0.03019293549084523
1805 0.13591628563449376
1806 0.14121116229432573
1807 -0.07013848268189804
1808 -0.046702476499888235
1809 -0.5789988550508838
1810 -0.7914473314263546
1811 -0.7408705238732978
1812 -0.3961216121746247
1813 -0.1502325754316871
1814 -0.14898174640666184
1815 -0.8168825809093505
1816 -0.9445007284198255
1817 -0.659501184950102
1818 -0.606131760391122
1819 -0.3932964014037452
1820 -0.41485061382377353
1821 -0.3104111804485683
1822 -0.096706108863998
1823 -0.12004973250509465
1824 -0.2169709731575722
1825 -0.11627486486128191
1826 -0.007130463797636821
1827 -0.10080232007521772
1828 -0.2389527681581285
1829 -0.17475094965311655
1830 -0.14436303395240202
1831 -0.34815122315859526
1832 -0.36591392086387486
1833 -0.2416528239816671
1834 -0.11877220631771479
1835 -0.3369650797558279
1836 -0.34667921052869133
1837 -0.3573929614116764
1838 -0.060834169470297184
1839 0.03261236230741815
1840 -0.05695114053838779
1841 -0.05482117766723604
1842 -0.05777131678416936
1843 -0.042370825276975665
1844 0.061807986593919395
1845 0.0791637081817953
1846 -0.008234056403694012
1847 -0.13188246760233824
1848 0.08270922373316125
1849 0.13911409333701386
1850 0.051365932612270626
1851 -0.1959878388839229
1852 -0.07159764004853741
1853 -0.07767224492437208
1854 -0.11609086169204375
1855 0.0362201290161579
1856 0.1428891882429184
1857 0.10886858828439472
1858 0.07959133034904653
1859 -0.03193786080441896
1860 0.020283276773170655
1861 -0.017881215112254267
1862 -0.1526319455259113
1863 -0.06045407541671466
1864 0.19368412231636967
1865 0.13794913433082456
1866 -0.05564499009426527
1867 -0.00618721272780931
1868 0.08708195462151025
1869 0.06752292080352618
1870 0.13531767622004054
1871 0.18698220018859502
1872 0.023911441258007926
1873 0.035798051358881366
1874 0.0945779344056632
1875 -0.02321456507218045
1876 0.08528428864019588
1877 0.052825598190338496
1878 -0.02721003972504832
1879 0.0860241257722123
1880 0.2322913271745506
1881 -0.1036659926064658
1882 -0.07999662937021412
1883 -0.15539175448947162
1884 -0.3244517771132678
1885 -0.17995351898559875
1886 -0.13424196164953628
1887 -0.15890531485251813
1888 -0.12515317102446488
1889 -0.07639272224628257
1890 -0.006876779859283033
1891 0.06325509546167041
1892 0.19791291811435485
1893 0.061501538052311844
1894 -0.2466599080430001
1895 -0.06959564720142453
1896 0.09236487002192462
1897 0.19586144182443377
1898 0.12494886537348293
1899 -0.11079754862288382
1900 0.014279266686685332
1901 0.20757359550327692
1902 0.24234450632644666
1903 -0.029735407142823078
1904 -0.3685779890524259
1905 -0.2682856041820969
1906 0.010057926839692755
1907 0.09418887534383202
1908 -0.04719143065182152
1909 -0.16995951311093904
1910 -0.16875871404391773
1911 0.0049300796483748854
1912 0.12617671883162984
1913 -0.06813797662482557
1914 -0.259057337948434
1915 -0.16969573658514037
1916 0.05596023926204907
1917 0.12457601974153931
1918 -0.019025543243628817
1919 -0.05356306576470615
1920 0.03266018478461774
1921 0.0846599920333233
1922 -0.008028010366729177
1923 0.011545335935409184
1924 0.08287764000442621
1925 0.05600273362529151
1926 0.23918142250016672
1927 0.2406176858179947
1928 0.1471457525144615
1929 -0.006181207681493106
1930 -0.003331806965263695
1931 0.03461131790925265
1932 0.20297711336252178
1933 0.30312174545088055
1934 0.22606592375706214
1935 0.15178615859042566
1936 0.1165363106500763
1937 0.19501506735969087
1938 0.331053939994149
1939 0.21623340024291338
1940 0.07725137210815092
1941 0.05596672294331029
1942 0.08748257737522636
1943 0.06948962482022125
1944 0.22163184111394685
1945 0.34462228379965154
1946 0.1281270084198809
1947 0.05698228511965908
1948 0.12656488761263063
1949 0.018737828239977716
1950 -0.01485296596297303
1951 0.20973137508775608
1952 0.26896119494034565
1953 0.02348027481104964
1954 0.06861921554269657
1955 0.1946034488787518
1956 0.3983637714482029
1957 0.3979442240351432
1958 0.21450923973827685
1959 0.2011846378120481
1960 0.23954134791114257
1961 0.2622236480544302
1962 0.43346263262191087
1963 0.09010931536283806
1964 -0.045175055302877354
1965 -0.06513217637797197
1966 -0.03370141175565777
1967 0.038930136116277936
1968 0.3047822430397673
1969 0.22795289160734455
1970 0.022530967058060014
1971 -0.010401594386053148
1972 0.08813224245858464
1973 0.25270922527448647
1974 0.2979129851001403
1975 0.06401776790909253
1976 0.045740909993241985
1977 0.2168816088579888
1978 0.1892269463767775
1979 0.15404330271189792
1980 0.17997661820817257
1981 0.18154357316092273
1982 0.35614269854494296
1983 0.13859673185260135
1984 -0.03340414100216549
1985 0.18786575960484697
1986 0.3310556106817444
1987 0.5152406816030748
1988 0.30096698403298205
1989 0.28638686776935174
1990 0.3693886323510469
1991 0.3705926077132631
1992 0.199180705875051
1993 0.26384568633648087
1994 0.1058483946608817
1995 0.06949260917622269
1996 0.3217008683324707
1997 0.6049165282188369
1998 0.42587115114315566
1999 0.3257559627356841
2000 0.3782287638686057
2001 0.7284351346237941
2002 0.8872277191029525
2003 0.36318220447913063
2004 0.46025981268348914
2005 0.6154810525596872
2006 0.8596809179192064
2007 0.79468207061052
2008 0.4601712694745288
2009 0.41230014011847516
2010 0.5821597355864014
2011 0.9314066811497241
2012 1.0331628011704765
2013 0.7207260727811331
