850 0.22583135274936694
851 0.3830386134782202
852 0.49803155889816253
853 0.38868803047779465
854 -0.03508540599443677
855 0.17823726392703065
856 0.14417923250033482
857 0.1333469096994122
858 0.26335177069279325
859 0.29560336547638144
860 0.422691263528975
861 0.32822619422518073
862 0.18537511686258767
863 0.042510960603635795
864 0.08528919395376988
865 0.2555141696339547
866 0.14278363276633854
867 0.023862972860229092
868 0.10024647099731965
869 0.16818091101890786
870 0.05057635263119664
871 0.16511229252091653
872 0.12055330115839524
873 0.15931026496849654
874 0.2940249234528096
875 0.30072950668483145
876 -0.003214687511444936
877 -0.010054939857525369
878 0.0740834569878075
879 0.178766696463299
880 0.22101508287755678
881 0.18374112057858838
882 0.07938927621171388
883 0.0668200642584793
884 0.14585715452034265
885 0.2697679489713778
886 0.30699992836741785
887 0.09999501341604855
888 -0.07896882272342509
889 -0.012277780332055954
890 0.2663258344693986
891 0.44007665109648997
892 0.2564572109265555
893 -0.04176976245452124
894 0.14754870013149457
895 0.2871848869031055
896 0.2538486060923901
897 0.0169635751461783
898 -0.08578847887417851
899 -0.06361014763285766
900 0.1822605094388905
901 0.08293980703842863
902 -0.09482998477898263
903 -0.13839327187207573
904 -0.0668453163800109
905 -0.026475962402003006
906 0.010062326050899628
907 0.03856799730857574
908 0.015004585599854181
909 0.08757230643442426
910 0.20802964311207006
911 0.3057153411477316
912 0.32875729261866127
913 0.15609514255771728
914 0.10359762912929682
915 0.23024112281223097
916 0.34505277789139654
917 0.21761383540456336
918 0.1945228336090281
919 0.40476961369193987
920 0.3374004274238587
921 0.18105083598135252
922 0.12150315472069906
923 0.26983488118389687
924 0.2619561631468059
925 0.11968245715462444
926 0.17415822232675282
927 0.24811093163077658
928 0.2971016627087124
929 0.3432225379460192
930 0.07455353101909168
931 -0.017001592634471763
932 0.01812095008574488
933 -0.16656867859035174
934 -0.12112974626597861
935 0.007984797166102453
936 0.09516587409075328
937 0.03885364480811404
938 0.19845664668031304
939 0.25364756010316114
940 0.08799251248711926
941 0.019082688557830352
942 -0.19009958683949435
943 0.01738132532915415
944 0.22002306030782393
945 0.29177207266258165
946 0.3216280467065076
947 0.15469484493377195
948 -0.011830642004611036
949 -0.012114235764556724
950 0.12571629395182526
951 0.009408990906024428
952 0.055165280511914716
953 0.1984348894494019
954 0.23658213767049574
955 0.29286765889753497
956 0.1377177057374297
957 0.13399314115889638
958 0.16424265207513145
959 0.03257004023112131
960 0.030081603693417946
961 -0.07649586608096115
962 0.041743515500172634
963 0.3240210746667458
964 0.2691183148665459
965 0.22399796159152174
966 0.039204417771543376
967 0.059253097132568655
968 0.2015981684062922
969 0.14688067598143562
970 -0.0010448849844237884
971 -0.0023736203827979807
972 0.2539173357040454
973 0.31751632122643514
974 0.4960206631757842
975 0.25864917414924093
976 0.03772895641145624
977 0.08357129029252519
978 0.13626802559980433
979 0.0019518125868103198
980 -0.013376247461565072
981 0.14088984035601015
982 0.2396941694388488
983 0.27447852149924756
984 0.3984763945229588
985 0.49960235480460824
986 0.3117954108294043
987 -0.0334974854470147
988 0.07728869538379968
989 0.13938047036418766
990 0.285726263974027
991 0.34962475258492987
992 0.17437981937263203
993 0.11833479756103316
994 0.17647774432504093
995 0.12240604079914874
996 0.1243343720914254
997 0.07401114248006024
998 0.04834500654811791
999 -0.019730535097892243
1000 0.05723128909664865
1001 0.014351313068630134
1002 0.09239276497623905
1003 0.1278389822851409
1004 -0.0703528956959758
1005 0.01391912146186769
1006 0.21913383259106922
1007 0.20447611316171788
1008 0.04217032298618051
1009 -0.0197368577087218
1010 0.07192004509641947
1011 0.028997175368829176
1012 -0.009593931287326996
1013 0.15691320532505415
1014 0.22335767273483498
1015 0.14787220709939675
1016 0.01064527533310411
1017 -0.010518508715506414
1018 0.10237047662184295
1019 0.2947746657753214
1020 0.34759911621409856
1021 0.04939201052224007
1022 0.01475134151309021
1023 0.03794378619204508
1024 0.2973131680870438
1025 0.211464869536087
1026 -0.08986941987802766
1027 -0.07812592945202823
1028 -0.026632189431211373
1029 0.10273722319283252
1030 0.07656571963934766
1031 0.19133792289574103
1032 0.23891004616575628
1033 0.16577988733445181
1034 0.08377364572692159
1035 0.18143940252548418
1036 0.345470771138082
1037 0.18372073068394457
1038 -0.00024407341544474548
1039 0.028927014140890606
1040 0.09387977088397292
1041 0.402858378140877
1042 0.419803364529173
1043 0.14476449691267135
1044 0.06154780792803649
1045 0.04523433239728547
1046 0.09174683119300653
1047 0.05176324015133105
1048 0.20139198876609044
1049 0.08722673488711052
1050 0.10501459307147343
1051 0.12122373936432496
1052 0.12472482922845529
1053 0.2510491559488628
1054 0.29061915652033576
1055 0.3551240993426177
1056 0.16312741710686396
1057 0.055107719860984616
1058 0.042813095286646785
1059 0.1887269217577341
1060 0.15553264466615246
1061 0.052857359928509595
1062 0.043110413437659645
1063 0.023123799256438815
1064 0.02689049570994939
1065 0.13029482070510312
1066 0.14051488473353402
1067 0.06621333287051812
1068 0.17237895508759493
1069 0.38528607881892185
1070 0.3724626708821006
1071 -0.015322307347503283
1072 -0.08864602257784782
1073 -0.038335110155117036
1074 0.2799442509924006
1075 0.28086538641912284
1076 0.08784849504581871
1077 -0.002206636996788802
1078 0.08348637829271865
1079 0.26501523982847175
1080 0.29265868588345256
1081 0.3828116355199995
1082 0.05012750614730521
1083 -0.11281200111807266
1084 -0.013165812992724568
1085 0.012261346367438364
1086 0.09170477268253308
1087 0.10577896608992887
1088 0.13714534183850446
1089 0.24481590107404827
1090 0.33921535740643094
1091 0.25732000291566237
1092 0.1844211691331452
1093 0.1472337215734001
1094 0.16906929306338725
1095 0.15829496483485173
1096 0.06728601032187953
1097 0.19717800194473512
1098 0.249748004909236
1099 0.15701931072482012
1100 0.04365902192745352
1101 0.13604604172644486
1102 0.3507617193221222
1103 0.26612518518669503
1104 -0.021837085163042502
1105 -0.09549144945691523
1106 -0.08918330347540859
1107 0.06411672221747722
1108 0.28014105073981455
1109 0.11953393195130957
1110 -0.008488918082150576
1111 0.14170736008782114
1112 0.33837755205911435
1113 0.32206781275687035
1114 0.22574046312854534
1115 0.13581905531543725
1116 0.14918252514405594
1117 0.07997764170977462
1118 0.15287570278354679
1119 0.3787037732892031
1120 0.3480201354890937
1121 -0.06961184870772286
1122 -0.06698377296794433
1123 0.06595611881891728
1124 0.10746573572532725
1125 0.08973725607773986
1126 0.1807588242448901
1127 0.3215752034232082
1128 0.280860415827874
1129 0.16428174088753167
1130 0.18095096376504216
1131 0.38971915372815147
1132 0.37375565185601545
1133 0.10135020000871009
1134 0.09505750359153353
1135 0.14826129855202907
1136 0.1014170076133496
1137 0.2523536155142665
1138 0.37516695353258456
1139 0.3353799203667336
1140 0.06538307962449608
1141 0.10178969867985188
1142 0.0785654781529388
1143 0.2306512866142043
1144 0.31171266524933117
1145 0.25227081669220297
1146 0.20452483978795044
1147 0.3774089831723586
1148 0.2529957446360527
1149 0.2816572887480788
1150 0.23775553372411196
1151 0.3794262195906981
1152 0.4912078016192254
1153 0.18300763497342132
1154 0.1034793312412603
1155 0.3552225763688739
1156 0.45548323977828886
1157 0.34697393112531927
1158 0.1777022756894553
1159 0.07476502606471058
1160 0.0658863477384557
1161 0.063313242092363
1162 0.15346631237900965
1163 0.06609229597842159
1164 -0.013330307533010455
1165 0.1990047311589933
1166 0.27890484594456666
1167 0.23774268538949173
1168 0.11535938797914014
1169 0.11384971117695386
1170 0.0791424441728168
1171 0.16424608712208055
1172 0.25265834822209854
1173 0.16982690802001343
1174 0.21731034598303722
1175 0.4287473705099387
1176 0.48609252518326684
1177 0.25009429150691176
1178 0.004939593862843594
1179 0.0615518037768652
1180 0.14993477981892056
1181 0.19856482507782403
1182 0.2147670810518889
1183 0.37608206880832995
1184 0.4820331429971816
1185 0.4054092614637739
1186 0.23664928532002705
1187 0.18014332363736685
1188 0.3385853513205461
1189 0.30415315617960914
1190 0.11764706727223029
1191 0.07180005314040727
1192 0.3861225057961519
1193 0.350123878373779
1194 0.2677998077999746
1195 0.27090798763833845
1196 0.24933885546772672
1197 0.2245248123449528
1198 0.2546481128629239
1199 0.4901444756751516
1200 0.559519889142905
1201 0.27239593277926133
1202 0.11167356392667216
1203 0.23360637201011514
1204 0.33197540144465165
1205 0.19275638052084787
1206 0.14916821552867532
1207 0.19861039939871716
1208 0.2024301008054863
1209 0.09874860494181803
1210 0.16903745635914902
1211 0.20025037105915544
1212 0.2934992560116143
1213 -0.11386635903096476
1214 -0.2791059152617663
1215 -0.14003165466510836
1216 -0.05366782157693706
1217 0.040585691941544155
1218 0.07489199118504075
1219 0.19234886366575665
1220 0.20388028808412173
1221 0.028049299803001304
1222 0.040495889042347244
1223 0.08837544959737897
1224 0.09341545528252482
1225 0.14489080378348262
1226 0.058945628663309435
1227 0.11283533307425841
1228 0.016577891372719478
1229 -0.09569044900524659
1230 -0.07781036512506034
1231 -0.050596812027094984
1232 -0.09638545385223551
1233 0.16686178211057268
1234 0.1934062468945399
1235 0.00853223351265342
1236 0.0969056517768081
1237 0.027294102265557285
1238 -0.11000760564439815
1239 -0.13296416224233099
1240 0.04337968886704857
1241 0.09195715325017773
1242 0.01699420800326834
1243 0.2688940809194378
1244 0.4815687873239085
1245 0.21212851504964192
1246 -0.07868892806766326
1247 -0.03189101672666084
1248 -0.010478184711075755
1249 0.043444105414153
1250 0.09811859724379701
1251 0.3187502630918857
1252 0.34389268665455575
1253 0.39187924656130235
1254 0.14648104030965214
1255 0.019850322672482434
1256 -0.006459763713223765
1257 -0.03613455206044591
1258 -0.8115534057189961
1259 -0.974230077972777
1260 -0.355895442134738
1261 -0.47281603730863253
1262 -0.4353365735089483
1263 -0.31109996262296136
1264 -0.09649703670703502
1265 -0.1314363093761699
1266 -0.27726246054317016
1267 -0.13653150728413266
1268 -0.08840190052012531
1269 0.15095761241542505
1270 0.19083811192524536
1271 -0.023943672777988922
1272 -0.10310045562090409
1273 -0.15842882987755047
1274 0.06340498225137026
1275 -0.22448340416281098
1276 -0.3037913847059599
1277 -0.09622938399786563
1278 0.05182878128761104
1279 0.05511467723772512
1280 0.036164697411265934
1281 0.06867596672179843
1282 0.22968643026399604
1283 0.20041855946146825
1284 -0.2104353300462094
1285 -0.33626128998872673
1286 -0.06743535133301748
1287 0.15977145252583114
1288 0.10766553491009745
1289 -0.03252392731883447
1290 0.0013601788567143558
1291 0.08166460578308943
1292 0.06159389172438523
1293 0.026459949627394508
1294 -0.06832327816891848
1295 0.11469309095144808
1296 0.23655149298275546
1297 0.13922294902511112
1298 -0.03690155762694758
1299 -0.0899739512936435
1300 -0.006617437841271112
1301 0.04601262749565649
1302 0.012990514978980627
1303 -0.06852426535488121
1304 -0.1570749917581793
1305 0.05389951258433712
1306 0.3083004581482669
1307 0.2562198371512068
1308 -0.17036564526512166
1309 -0.10961554300172338
1310 -0.07030693379880404
1311 -0.09155020931382296
1312 -0.027241461094035913
1313 0.239295978429368
1314 0.25643234900115885
1315 0.3947666347668246
1316 0.16877669664182804
1317 -0.11408538658150746
1318 -0.08461124533397424
1319 -0.01587617364725702
1320 0.18454364953720415
1321 0.3223348355253961
1322 0.35075404226989804
1323 -0.05096713966446487
1324 -0.1464597727757564
1325 0.038947442214805506
1326 0.2569095793188012
1327 0.37501439004796566
1328 0.04401899367428541
1329 -0.24447584359029406
1330 -0.08378744625531453
1331 0.09475507534978078
1332 0.09847896757366925
1333 0.008936532645179796
1334 -0.06722445060853488
1335 -0.1555480113324279
1336 -0.12585074841302912
1337 0.1824518270022395
1338 0.2428111982346195
1339 0.19837364802083357
1340 0.245820648876645
1341 0.0788020535823648
1342 -0.03546316798747284
1343 0.041013900001416914
1344 -0.04097137822367358
1345 -0.06777694614373786
1346 0.0902064587033351
1347 -0.027772612903333993
1348 -0.08263433095942219
1349 -0.020148937723547533
1350 -0.047136674568605486
1351 -0.0737359814301044
1352 0.0402144086831413
1353 0.3273759875602309
1354 0.27730141462797064
1355 -0.10156908917741703
1356 -0.26153415537731917
1357 -0.0934841382244258
1358 0.10407472265814022
1359 0.2813886462388382
1360 0.32657350559401266
1361 0.10653582104629322
1362 -0.11016206822375807
1363 -0.0746090108568751
1364 -0.023398451125217434
1365 0.18016783845916962
1366 0.13020407331242723
1367 0.04656360787964786
1368 0.09771654890255377
1369 0.06713250998575404
1370 0.05572198208022883
1371 0.16274111871689456
1372 0.12417022304674674
1373 -0.009599858808826411
1374 -0.045165880258423385
1375 0.042754367108159386
1376 0.09251549844560714
1377 0.20800495091168614
1378 0.2904752020792216
1379 0.19781019009246847
1380 0.06691226787154392
1381 0.014678857121111832
1382 -0.057907115791408614
1383 -0.1472705433828878
1384 -0.06460936551792429
1385 -0.03548263809807395
1386 0.19775347821024525
1387 0.24953380534770986
1388 0.26651822733703057
1389 0.3660989711277125
1390 0.2991152196147482
1391 0.18009041367071177
1392 0.14331847429531308
1393 0.21285343323512507
1394 0.06987055105736317
1395 0.13504048651344647
1396 0.17930799177099743
1397 0.1337962966113082
1398 0.11537124151709577
1399 0.10088437129400063
1400 0.27060028202737385
1401 0.4998429225495329
1402 0.23454660914012493
1403 -0.021257188820527517
1404 0.040063183978872985
1405 0.09404179809166635
1406 0.07341308165956661
1407 0.04824075342816059
1408 0.07162995493143853
1409 -0.0017628601295882618
1410 2.3036694244638056e-05
1411 0.21014434977240626
1412 0.12527513519893319
1413 0.11250957358504365
1414 0.050926252748240586
1415 0.24550191973850133
1416 0.19169328261307328
1417 -0.06489043354656587
1418 -0.07161578052949835
1419 0.0005087690749974172
1420 -0.026993923570273637
1421 0.10939774552667814
1422 0.058997239455095496
1423 -0.04640683819411606
1424 0.10200172375812144
1425 0.13326905127587452
1426 0.20860653176123378
1427 0.011020917111011386
1428 -0.04473249390667888
1429 -0.05803124135428561
1430 0.10466715549335959
1431 0.2445571099456174
1432 0.13174732777400777
1433 -0.1835659417538409
1434 -0.2059561764292539
1435 0.07466405238284324
1436 0.22053323866146002
1437 0.06511255126753213
1438 0.20355760542645385
1439 -0.03321529612139784
1440 -0.19120818208017454
1441 -0.19821648265826752
1442 0.028694446844610866
1443 0.19005230944736695
1444 0.07167622558557696
1445 -0.02577183617256651
1446 -0.1600747323120686
1447 -0.005060780856695146
1448 -0.06027739685430333
1449 0.04415728709807354
1450 0.1252361464120213
1451 0.07996123070881822
1452 -0.675256005764254
1453 -0.9056580394119464
1454 -0.4760282742921049
1455 -0.3096537581199641
1456 -0.12668865687220432
1457 -0.1105110167683847
1458 -0.08194899464172067
1459 -0.3291362503062487
1460 -0.2024836869182991
1461 0.15917017191623017
1462 0.22471629574175722
1463 0.029126564527530263
1464 -0.03076511728602327
1465 0.06949277935012788
1466 0.1435513627175169
1467 0.29316650066931516
1468 0.37446245178460913
1469 0.10504775476744044
1470 -0.004028457478682412
1471 0.04812449729644186
1472 0.047945864133851046
1473 -0.08086657960723187
1474 -0.05506146037544113
1475 -0.01587629032184168
1476 -0.08237541162412754
1477 -0.05959263213497934
1478 0.1318604664901386
1479 -0.024365652549420247
1480 -0.22796301955349918
1481 -0.08492391882680295
1482 0.061922020755332596
1483 0.1187579967589727
1484 -0.05202795654440706
1485 -0.09883657184866479
1486 0.08789128851941541
1487 0.26192868780111667
1488 0.2468627231797882
1489 -0.014671716326290607
1490 -0.0009754485134294555
1491 0.04909259177009062
1492 0.10004356454004437
1493 0.01825849190072404
1494 0.05902085285958947
1495 0.048228960024459866
1496 0.10779787903095439
1497 0.21920011091060587
1498 0.20748261462063056
1499 0.07810468791302583
1500 0.04386770961724551
1501 0.08036565088542602
1502 0.06028485837333619
1503 0.1507215288752377
1504 0.0925669747892357
1505 0.07597274807909571
1506 0.18018856499429603
1507 0.15638077975808073
1508 0.24402963097367092
1509 0.17667818852385153
1510 0.15967146344280536
1511 0.3334095564910058
1512 0.32229648295651714
1513 -0.042493544282933726
1514 -0.05446931114590825
1515 0.19895856175708104
1516 0.1096335881518371
1517 -0.06561801352569319
1518 -0.047005500495060915
1519 -0.02409012662292298
1520 0.06251293999650898
1521 -0.04203127405719442
1522 0.010091668196650971
1523 -0.01567047650189579
1524 0.0782127081837416
1525 0.2184208487233832
1526 0.30300022095121903
1527 0.0499645006725018
1528 -0.050898814369475076
1529 0.1535220001367179
1530 0.31135980379923467
1531 0.34052787618884395
1532 0.30158088031117813
1533 0.13778972635219588
1534 0.04465538262189739
1535 -0.015626249781860224
1536 0.2718553730870781
1537 0.4068710788355929
1538 0.13832906665498967
1539 0.07510687008971217
1540 0.12040267479335398
1541 0.2556703297549916
1542 0.22551069313584549
1543 0.2264403103559971
1544 0.1817949063636206
1545 0.10889206688256081
1546 -0.014226026970277417
1547 0.009831513815811377
1548 0.12817207946039844
1549 0.4014651900541253
1550 0.25233500284679167
1551 -0.03976605618504436
1552 -0.14511988309413937
1553 -0.09273002292633237
1554 0.051850525051520435
1555 0.23979051768401405
1556 0.17289804986245372
1557 -0.25090411691854797
1558 -0.29259416991811804
1559 -0.1633980220579474
1560 -0.02794806522069848
1561 -0.041304977150673494
1562 -0.12614246992455946
1563 -0.17250590311579117
1564 -0.12354709859067725
1565 0.1936318941982904
1566 0.4475511798586922
1567 0.40943055859048627
1568 0.22656393313411627
1569 -0.17095717798770238
1570 -0.17690880243247875
1571 0.1656035116042176
1572 0.25658819618860207
1573 0.18282054697203876
1574 0.031775500748267405
1575 0.011590971974158037
1576 0.18963171916448118
1577 0.41651732808907127
1578 0.3252432410287156
1579 -0.024041955584948482
1580 -0.001431650309939414
1581 0.172069667432595
1582 0.26218249820527717
1583 0.2375899002019537
1584 0.05302976810264681
1585 -0.04214760296235909
1586 0.11150525835961389
1587 0.0686705435302315
1588 0.041250342382397776
1589 0.024757459127044967
1590 0.0025688020834877534
1591 0.11344312944072499
1592 0.3048659143431678
1593 0.0854879300528637
1594 -0.1859587249048218
1595 -0.11074930243125891
1596 -0.10467588559208707
1597 0.026866548459452133
1598 0.21843598367144068
1599 0.00441867505941218
1600 -0.5217488175722451
1601 -0.24454524743612183
1602 -0.12555060020144992
1603 -0.3388629292162477
1604 -0.34123895059457254
1605 -0.28674751391275777
1606 -0.1544851097480091
1607 -0.09334227364217895
1608 -0.02314721166919753
1609 0.07141259586882143
1610 0.015264431478840379
1611 -0.002382457599821919
1612 0.10621185731810101
1613 0.3388963933273885
1614 0.17476526886503052
1615 -0.12867333745555243
1616 -0.2020048485877055
1617 -0.011175379917574446
1618 -0.062232266615808385
1619 -0.09043787349418153
1620 -0.10319757863265977
1621 -0.068674390189301
1622 -0.13357512977603392
1623 -0.1274780871783605
1624 0.011686478374826947
1625 -0.13700100501233692
1626 -0.1306185283904142
1627 -0.03741454740503514
1628 -0.057298744558181625
1629 -0.19251364817830563
1630 -0.004809920188847627
1631 0.10923741126310915
1632 -0.1299672218048613
1633 -0.15783141614463148
1634 0.011391207764631872
1635 0.18924688411601664
1636 0.16692934625456246
1637 -0.16671243097181332
1638 -0.16816321690208724
1639 -0.1011373678057339
1640 0.25581432835895157
1641 0.021433003001334328
1642 -0.16168825002506537
1643 -0.3840419008484446
1644 -0.4119237438853247
1645 -0.31365518149385707
1646 -0.23773666530348692
1647 -0.10005070018854667
1648 0.02781230958555625
1649 -0.029797299294955337
1650 -0.23253359217392244
1651 -0.20809295494012758
1652 0.17772184434056726
1653 0.23098556963356032
1654 -0.12582053526119807
1655 -0.24927355933067474
1656 -0.11486705340371373
1657 -0.07253243729218184
1658 0.015537919228904684
1659 -0.0412626727420502
1660 -0.20156091526263253
1661 -0.01634169898483151
1662 0.007611396828110628
1663 -0.06452940740973645
1664 -0.046208875175295816
1665 -0.050102558632886485
1666 0.01359358177029435
1667 0.2627363262129734
1668 0.16414209684387515
1669 0.085207779615871
1670 -0.11595322361085891
1671 -0.14958134021622982
1672 -0.18308910562490155
1673 -0.10816425786521222
1674 0.04790073253013816
1675 0.04627745208682654
1676 -0.25849298655782604
1677 -0.31064002745836206
1678 -0.3064615036692544
1679 -0.265814484926409
1680 -0.2892713381494332
1681 -0.04749789314212194
1682 0.19408093389887426
1683 0.19973312749772276
1684 0.2035373484180809
1685 -0.20841061354508383
1686 -0.2499825078434128
1687 -0.152381916787931
1688 0.03402787943275598
1689 0.002077304436738814
1690 -0.017364497218125052
1691 0.04952516371611182
1692 -0.030901880447743224
1693 -0.16262834399822168
1694 -0.15227098190393917
1695 -0.15822042141155634
1696 -0.20034706229108679
1697 -0.11625729572858745
1698 -0.05943538066907195
1699 -0.1402376121106954
1700 0.0011501876077772977
1701 -0.10000114003480576
1702 -0.11849361208561504
1703 0.04010271533110199
1704 0.0855565482476095
1705 -0.03158002487856493
1706 -0.08137068009847326
1707 -0.04238271549320416
1708 -0.04639521120725476
1709 -0.022437232753020453
1710 0.04664525326643343
1711 -0.0035895054066372722
1712 -0.022442407498658667
1713 0.02424721547555464
1714 -0.04991671019502064
1715 -0.11054067502539056
1716 -0.09577850737781546
1717 -0.020733695242483918
1718 0.07826887930019666
1719 -0.053241060327025025
1720 0.0487292772900787
1721 -0.0417560809055999
1722 -0.15798195800556414
1723 -0.21624135265153654
1724 -0.06126341813097724
1725 0.17788401745400506
1726 0.13648788548209723
1727 0.12638165766901466
1728 0.14520549620027623
1729 -0.05034227561145599
1730 -0.16411303303192426
1731 -0.11886219381818819
1732 0.11166625534275454
1733 0.032815940646628405
1734 -0.14976280973286293
1735 0.08216192779860876
1736 0.1170812330255444
1737 0.058173514372697355
1738 0.06530632235944722
1739 -0.03783741245638339
1740 -0.08518439425000679
1741 0.11030777899901523
1742 0.23183296726625713
1743 0.03289751961011689
1744 -0.043227663314269194
1745 0.07582439065123481
1746 0.22804636646537801
1747 0.17718024705442303
1748 -0.11994956668041823
1749 -0.23291325717030986
1750 -0.13531979071609612
1751 -0.1203856726210688
1752 0.009781853954223152
1753 0.08811967585228331
1754 0.03401819162240827
1755 -0.021481093819659236
1756 -0.13024765098754187
1757 -0.05828777908988059
1758 -0.05389315679860829
1759 -0.026811220017464166
1760 -0.023655497673019
1761 -0.16841622340399454
1762 -0.5067916546814786
1763 -0.21175285122166088
1764 -0.23117054723621777
1765 -0.0528330672584616
1766 0.08480580090974854
1767 -0.0370096999041607
1768 -0.0034201898266132957
1769 0.17395789940491113
1770 0.19104923436185572
1771 -0.10243031148860382
1772 -0.15481339642263947
1773 -0.013637805398957425
1774 0.022789610815152628
1775 0.09061144796174858
1776 -0.020529546331715665
1777 -0.1639262546958662
1778 -0.018203215588471267
1779 -0.00733000858252808
1780 -0.004187760087745573
1781 -0.06874174487001028
1782 -0.02261990090227073
1783 0.09683611651155388
1784 0.12823380095221637
1785 -0.010298567947472748
1786 -0.18685348532312673
1787 0.01418700919703042
1788 0.05630386431317902
1789 0.2213624619271286
1790 0.25830768411998406
1791 0.15910198062897507
1792 0.0822949807580926
1793 -0.05387547257657843
1794 -0.060510162804916945
1795 0.08228592771928334
1796 -0.03940326594420185
1797 -0.028497784853584562
1798 0.11085703679287917
1799 0.07175249901553116
1800 0.28326173686235734
1801 0.17087911631563202
1802 -0.12772738981709608
1803 -0.034053364135786524
1804 0.13249135221133201
1805 0.09642965797110037
1806 0.11983073887705586
1807 0.10652770444886528
1808 0.14093627083008187
1809 -0.17583661670187212
1810 -0.3365588939052486
1811 -0.2334689009656472
1812 -0.1415258493499323
1813 -0.048888909183745
1814 0.013834787305881946
1815 -0.5021309484972676
1816 -0.7372414486000025
1817 -0.40232959297168236
1818 -0.1658743650004908
1819 0.19485393755735458
1820 -0.04665319806287016
1821 -0.30997045625355213
1822 -0.34984753263290713
1823 -0.3035348523378616
1824 -0.18576786855942373
1825 -0.12816512454259055
1826 -0.11510179174536006
1827 -0.03271768978629552
1828 0.17103553834624563
1829 0.2450421713820674
1830 0.014031125507926845
1831 -0.006868579583169776
1832 -0.14244750977064768
1833 -0.21878138623361565
1834 -0.3024985644518665
1835 -0.48928603025331086
1836 -0.30783377705370185
1837 -0.2235628383252788
1838 -0.017487148707232336
1839 -0.003054815563189095
1840 0.041428936445754516
1841 0.04104413455161193
1842 0.1931656869547851
1843 0.11437282084966682
1844 0.061137497834920396
1845 0.2694449285927476
1846 0.25935275806045865
1847 0.1255004533383044
1848 0.02319689132593794
1849 0.1202571694760195
1850 0.08450745792805492
1851 0.044760405914871626
1852 0.13795647113869336
1853 0.1458683841524362
1854 0.051321829203857305
1855 0.05584780528039346
1856 0.1215609270375353
1857 0.060962469041157874
1858 0.07287205838667887
1859 -0.10385004097230421
1860 0.03527274084927967
1861 0.15315536449276124
1862 0.09129671600601341
1863 0.02736306702593083
1864 0.10647587535368075
1865 0.08516359853092581
1866 0.010105119486524927
1867 -0.07991608930262828
1868 -0.13222174061297665
1869 0.11986188045148083
1870 0.1906578174653646
1871 -0.015158187532904321
1872 0.1756868755781511
1873 0.08890297286069426
1874 -0.08633187878012905
1875 -0.08868063215430766
1876 -0.028557621250058673
1877 0.05201669252977581
1878 0.11137362730693212
1879 0.19916049842163375
1880 0.27872464570668853
1881 0.26187887966767676
1882 0.06377206152808412
1883 -0.2088511505500037
1884 -0.29463135485195835
1885 -0.17362571652512315
1886 -0.3304879414220636
1887 -0.2624584760862376
1888 -0.09153130594614822
1889 0.1216173957317892
1890 -0.13712613796053574
1891 -0.24873654444621707
1892 -0.12342247818884289
1893 -0.09863396788165346
1894 0.14455686353312558
1895 0.17936481676491667
1896 0.08148917204562167
1897 -0.28709572931637695
1898 -0.16857628571142413
1899 -0.15023883876659738
1900 -0.24342237116218257
1901 -0.21840680698403503
1902 -0.03727328889073078
1903 -0.05678920924293607
1904 0.05181056496064684
1905 -0.15479427996979211
1906 -0.23597008191069335
1907 -0.17645903574305066
1908 0.0948804628990274
1909 0.1066650395281954
1910 -0.0031660846176464474
1911 0.0044211209361151305
1912 -0.01726426698456862
1913 0.19835330964741615
1914 0.1352387027925488
1915 -0.06933368941417939
1916 -0.05944098416472343
1917 0.184508542523929
1918 0.1875821485899678
1919 0.15307385914849192
1920 0.2581311589823372
1921 0.3227350323865039
1922 0.14241525376104391
1923 0.2546470240656049
1924 0.2222220667437682
1925 0.05067259904723187
1926 0.016574983647728914
1927 0.022068003385072643
1928 -0.01688943679158683
1929 0.11127118170048789
1930 0.1342728712797907
1931 0.08871464580698785
1932 -0.030659045563766085
1933 0.13337780386115128
1934 0.3058321982771872
1935 0.3479727254454019
1936 0.325007285640595
1937 0.06902106361110327
1938 0.21082995129108895
1939 0.44115342796317236
1940 0.2332266746762457
1941 0.12222469077937603
1942 0.22123201253890556
1943 0.31154235478277315
1944 0.34219455934442067
1945 0.15238321137201183
1946 0.23616296832773287
1947 0.27386767306597903
1948 0.16815713858306935
1949 0.36441849049532493
1950 0.21638769349590348
1951 0.15978719360469995
1952 0.14157495832978384
1953 0.14259071222716102
1954 0.21277766545438226
1955 0.15941770810263733
1956 0.19406271073796688
1957 0.23576316363494243
1958 0.14029218886759054
1959 0.11335536834690174
1960 0.05692349915682371
1961 0.17899076112030343
1962 0.39141921422736914
1963 0.16781630662364933
1964 -0.03184816487043918
1965 -0.0010337631196648545
1966 0.051581760039880464
1967 0.15739831431170614
1968 0.25433757963998005
1969 0.12736705071785082
1970 -0.022302405414563964
1971 0.009552179882462042
1972 0.013028963844988084
1973 0.08191168469716104
1974 0.11770317385372664
1975 0.15458460963571952
1976 0.3127073030418046
1977 0.411295298362802
1978 0.2847134379603631
1979 0.1505303510736553
1980 0.25023087309199354
1981 0.3741933410732372
1982 0.08951461136689431
1983 0.11806350600528503
1984 0.2941109033572502
1985 0.2766454231671105
1986 0.30863969304198235
1987 0.5129089745088322
1988 0.7504594291438593
1989 0.7356328089009594
1990 0.34569385625650284
1991 0.2691593794380651
1992 0.3512946901989267
1993 0.6626536783395522
1994 0.3378514409518516
1995 0.260118888666625
1996 0.3246706119994087
1997 0.44647641480941047
1998 0.7111619271228733
1999 0.9055270248248348
2000 0.6971263334917808
2001 0.6959819911912177
2002 0.8781769697975506
2003 0.8965751721929109
2004 0.5535317373618227
