850 0.3648723056550125
851 0.5210291786145831
852 0.4119886336964669
853 0.24263610021193927
854 0.04873928864105892
855 0.0625245332751092
856 0.08315897979542797
857 0.05422029142454221
858 0.0629159407184261
859 0.0826715299638181
860 0.1205962843658881
861 0.2461929574531041
862 0.5938810310535132
863 0.32308681158860963
864 -0.03653440949648257
865 -0.036038925412697154
866 0.03826613923217792
867 0.1251036325880932
868 0.2584112750828922
869 0.3983180858135711
870 0.24417903750827463
871 -0.10778920509227419
872 -0.10218856247934127
873 -0.01082580677484657
874 0.042162196475715064
875 0.021918252413513528
876 -0.07575264988554409
877 -0.01244106600933037
878 0.11564075398297291
879 0.25193289606374947
880 0.2809802895458233
881 0.33819344555934094
882 0.298929548628621
883 0.2637989150929343
884 0.21409271386949058
885 0.1136023241618318
886 0.12341975393985649
887 0.13797330261365914
888 0.29488680169737336
889 0.4718831234958998
890 0.32919267728851764
891 -0.09658947433212006
892 -0.10423977886421198
893 -0.06579057499106966
894 0.02486035695631017
895 -0.0026533274308349064
896 0.04784499957349908
897 0.09426079209032423
898 0.07397632853849245
899 0.08717278493185177
900 0.22140992600736809
901 0.08138375138150877
902 -0.13911337425361125
903 -0.06312692320921087
904 0.10194059743491835
905 0.015209242567436831
906 0.13209132697869563
907 0.04575984485683193
908 0.011222370976270213
909 0.045738670196044495
910 0.18831572775530958
911 0.12770623506725087
912 0.11703359024562587
913 0.11914413123514578
914 0.2908818167113054
915 0.28991269451637436
916 0.1903818095280485
917 0.40996456337632026
918 0.44947960123391795
919 0.24929003550482776
920 0.23443686841540057
921 0.3432160283163057
922 0.3284794475075046
923 0.21636272552200353
924 0.11772771700651674
925 0.28774865812005146
926 0.3474697720124027
927 0.1974006660195755
928 0.2688304396836543
929 0.18339115375948722
930 0.21043823522796856
931 0.06208538453921619
932 -0.16581495049626938
933 -0.39199574035603746
934 -0.08430946227167624
935 -0.02289134161264883
936 -0.3047336246364125
937 -0.18334773718675024
938 -0.008873811946955357
939 0.1757975176516311
940 0.07342407548560459
941 -0.03662392881511778
942 -0.000758777861165072
943 0.06263461575150586
944 0.14647318726213143
945 0.1859378930287221
946 0.08848021270864592
947 0.03799925419741612
948 0.05030476692400043
949 0.0956309400429518
950 0.00027005339586594346
951 0.118000483615333
952 0.44596152590247584
953 0.3390060155825836
954 0.14837669793416808
955 -0.058990195563808356
956 0.12730968513420748
957 0.22347146096967663
958 0.16460139191963208
959 0.20320789777474602
960 0.306865327509513
961 0.03435542919493173
962 0.0026303495231445595
963 0.18731703418637835
964 0.07280577530224264
965 0.06886970879469345
966 0.1210856955123063
967 0.1292223209010217
968 0.10746795236576645
969 0.08023487323544032
970 0.11755858266940322
971 0.0034291403048882785
972 0.03867344779763471
973 0.08093121056054997
974 0.2575065527378797
975 0.3205321556370109
976 0.24595061502469662
977 -0.08344925184917429
978 0.08588810519171375
979 0.2645683586807195
980 0.21969832396428046
981 0.15578413404483626
982 0.2877567291070591
983 0.3835001255009729
984 0.34590476350717836
985 0.050188545476487434
986 0.01214424303901751
987 -0.1282170748722251
988 -0.07110330102432272
989 0.03188871585024344
990 0.06301542073617838
991 0.032671734415259834
992 0.149551032880197
993 0.13144964713296758
994 0.013829412261372909
995 0.06631972161056865
996 0.18039355734197215
997 0.23386557102060124
998 0.26809264466953664
999 0.25662487799081646
1000 0.040323988271779854
1001 -0.21343949593546085
1002 -0.022148529167907327
1003 0.0818237064670484
1004 0.044630360089968235
1005 0.10560125379851115
1006 0.24922257051093766
1007 0.3171494399543917
1008 0.18144644337138516
1009 0.15043243173658993
1010 0.11395457675922671
1011 0.06170324072849098
1012 0.06475653993652486
1013 0.05185561795349258
1014 0.23441329765518049
1015 0.09914582807539318
1016 -0.0730553523223989
1017 -0.049430375321549036
1018 -0.1954395977915624
1019 -0.17205249566478642
1020 -0.0736158210865483
1021 -0.00534019355819737
1022 0.10386305411913099
1023 0.2729597299063471
1024 0.2727898280265322
1025 0.035804201922701395
1026 0.1519831414775581
1027 0.3482203567657507
1028 0.33133649086056494
1029 -0.10246862720805439
1030 -0.15702907352437023
1031 -0.0477777834837525
1032 0.1888762193428306
1033 0.21656787976417036
1034 0.08854869810323862
1035 0.15822824974105743
1036 0.12891089813797407
1037 0.0872486941140096
1038 0.1904003982264726
1039 0.19071212481412658
1040 0.2838419616451233
1041 0.16636712703945022
1042 0.19606532332142024
1043 0.13750570871007994
1044 0.1975124690135317
1045 0.09162727113397295
1046 0.23876653416408544
1047 0.28109872237286027
1048 0.09552557981311338
1049 0.024796141762237767
1050 0.09630518847444591
1051 0.2730409793779245
1052 0.4988457594068336
1053 0.2564409193584538
1054 0.008407582108134193
1055 0.027248641715573285
1056 0.04884930218884165
1057 0.10908203615719003
1058 0.0385178236284105
1059 -0.02193436268618143
1060 0.2239140622388618
1061 0.35356965483896374
1062 0.3145608175742609
1063 0.2251947806108774
1064 0.2433285936754146
1065 0.18110845865351166
1066 0.06460358388090981
1067 0.16099671436677454
1068 0.05738855716805347
1069 0.13531667148220095
1070 0.23552235228521567
1071 0.26783702601665027
1072 -0.05853872912479119
1073 -0.10748934920849251
1074 0.023855246271637043
1075 0.24290007390152368
1076 0.2683309386654855
1077 0.0550760140215516
1078 -0.004687584655130195
1079 0.14889652563454092
1080 0.18635797643474916
1081 -0.018035493138086167
1082 0.10627753064119361
1083 0.17958610931242447
1084 0.08140862663810822
1085 0.1916235314678829
1086 0.23560615587416578
1087 0.1455007079915731
1088 0.19845764996455273
1089 0.2858821407423875
1090 0.061824258212311634
1091 -0.003754218722178848
1092 0.18411480231293353
1093 0.4069532936695168
1094 0.3141763913279192
1095 0.19999902689306737
1096 0.21045810268094556
1097 0.20439884032145983
1098 0.19386470805238787
1099 0.09924707836057678
1100 -0.0020930742884388565
1101 0.016421355953525563
1102 0.11461443832922669
1103 0.20421460077790243
1104 0.36752927553663994
1105 0.48098161261577843
1106 0.3092630206917306
1107 0.021359691852978813
1108 0.033683761951976976
1109 0.16864138752447388
1110 0.11613369631476189
1111 0.19704915036584225
1112 0.20548735104802063
1113 0.24271907029918793
1114 0.12726169046084124
1115 0.07895123268571069
1116 0.23124501321962043
1117 0.17088881709980797
1118 0.045742110920457435
1119 0.2409804376492275
1120 0.5293868404643263
1121 0.49068625305989144
1122 0.09772715576241353
1123 -0.018483857638443624
1124 0.08949801968850579
1125 0.17489747082794338
1126 0.24656582074550215
1127 0.27892464843250764
1128 0.34743933034587826
1129 0.47165235672838435
1130 0.341391485067561
1131 0.0022968639825080572
1132 -0.10912863998254352
1133 -0.021964545223681853
1134 -0.07877200507920179
1135 0.025949753173620138
1136 0.0984115575412261
1137 0.30263923082418387
1138 0.41604547563406413
1139 0.27777187593767394
1140 0.0645687990697752
1141 0.04360444463526392
1142 -0.008632927042469873
1143 0.11026556071948335
1144 0.14918334934731092
1145 0.10286076533452615
1146 0.12545621137280705
1147 0.08083522342337801
1148 0.1569695923932386
1149 0.39860274969544207
1150 0.3044896661123744
1151 0.05632685456208719
1152 0.0732211512265053
1153 0.12492921007867608
1154 0.1535121703523714
1155 0.1998615740576497
1156 0.18337635618928516
1157 0.14186677044989437
1158 -0.06365528447696533
1159 0.08695855368722505
1160 0.11947350605402107
1161 0.3397314612982427
1162 0.5440972758418638
1163 0.23482938102512207
1164 0.02720228054721474
1165 0.047104863091647076
1166 0.1942597635364791
1167 0.24917765793878743
1168 0.3241166884973268
1169 0.45217345319366586
1170 0.42421965618490276
1171 0.20872823247407268
1172 0.12817164906834932
1173 0.28138134643705826
1174 0.3621677123907716
1175 0.36598276707843524
1176 0.18325677737215074
1177 -0.18688546372840165
1178 -0.0715522524849348
1179 0.07517742953291418
1180 0.37191673432397465
1181 0.45050642529150764
1182 0.33162267410818913
1183 0.2344981672330846
1184 0.3844470243836895
1185 0.4372476693157523
1186 0.15966204027853337
1187 0.035535217190442836
1188 0.056745579455707684
1189 0.15426661700820432
1190 0.4115974622337717
1191 0.4279235220103601
1192 0.045269803829398825
1193 0.025209155611207734
1194 0.10890920505750046
1195 0.1433178427301982
1196 0.08619227643606564
1197 0.12047986897306373
1198 0.37253005345496604
1199 0.29842405182773746
1200 0.04855993959574789
1201 0.018535804020757496
1202 0.17076270930328974
1203 0.3566921203283755
1204 0.3512008215372475
1205 0.14311303050408242
1206 0.16724066227897083
1207 0.1857233883782783
1208 0.442035110384154
1209 0.4320302831038134
1210 0.07333667449091763
1211 0.04769271766076599
1212 0.29868334701870936
1213 -0.030170653291520466
1214 -0.2971496048054405
1215 -0.260236659927898
1216 -0.008394720206865713
1217 0.006218814403155193
1218 0.10934231547696527
1219 0.13412238609123506
1220 0.2366715009978293
1221 0.023904909418604348
1222 -0.04672375081929658
1223 -0.16279683484907537
1224 -0.12064681372118002
1225 0.057837367954334695
1226 0.1095924160072741
1227 0.15834660272088286
1228 0.2491426713474425
1229 0.4393946453649278
1230 0.34943667105721943
1231 0.0804922142406781
1232 -0.09041131970371907
1233 -0.02233853685578424
1234 0.2341051261917073
1235 0.19987319099800516
1236 0.14636522117825734
1237 0.08056081705564111
1238 0.14277798360660654
1239 0.1975487210103779
1240 0.22954985422933305
1241 0.2777205276146333
1242 0.3795199195536725
1243 0.14895540945894936
1244 -0.062350228868240265
1245 -0.05043363474084117
1246 0.17328735520823102
1247 0.20713076675673392
1248 0.1132113710935414
1249 0.08669970069360033
1250 0.08379514546413702
1251 0.15816051459381697
1252 0.16674147875937706
1253 0.22122810495062595
1254 0.41990056724159786
1255 0.5490238057320767
1256 0.36866286708720963
1257 0.12789642726107786
1258 -1.0364897580246293
1259 -1.0796432557327194
1260 -0.5395601827852374
1261 -0.7207678928418773
1262 -0.42881288207615853
1263 -0.43521489832062343
1264 -0.24232019989790388
1265 -0.05212877991618825
1266 -0.14506731535476547
1267 -0.019969290777112292
1268 -0.12320107612271158
1269 -0.09561728536743885
1270 -0.09927865026241989
1271 -0.07925174186925688
1272 -0.018003111365260338
1273 0.045062789297503514
1274 0.19265406137549235
1275 -0.17351760797350835
1276 -0.464217385251402
1277 -0.4378676169900473
1278 -0.1579323812355824
1279 0.06413435928021727
1280 0.09545364507255272
1281 -0.29855533331016204
1282 -0.2568342581216143
1283 -0.2057763916148474
1284 -0.6731674844995155
1285 -0.5043487584154605
1286 -0.1512839151646972
1287 -0.12090767420920656
1288 -0.25439091423316995
1289 -0.35355616065231743
1290 -0.18623670455588126
1291 0.05477991729941323
1292 0.018088120025595344
1293 -0.014659869138824888
1294 -0.047644891542063306
1295 -0.20512576219772427
1296 -0.10537065730682116
1297 0.11300318318802738
1298 0.19095478609136762
1299 0.268097904194633
1300 -0.034826858119743065
1301 -0.22845335564028346
1302 -0.028451846553878113
1303 0.05956628452611312
1304 0.07978600960137783
1305 0.08658898692021921
1306 0.3117583724414885
1307 0.049059571861789664
1308 -0.003281281689851312
1309 0.01469674466699189
1310 0.0210807507461368
1311 0.05092412454348505
1312 0.0485219861841415
1313 0.09538829678746197
1314 0.45807449766778063
1315 0.21997431395891454
1316 -0.03759536889612036
1317 -0.07694698701146763
1318 -0.012347520919547605
1319 0.06729867712238047
1320 0.22159893876391834
1321 0.2638279577402045
1322 -0.034847495256371985
1323 -0.002795062680831961
1324 0.007258120200845042
1325 0.2843240013019681
1326 0.1779978955495949
1327 0.008003922120508378
1328 -0.20499689993215497
1329 -0.14773234353702946
1330 0.05185763361515683
1331 0.11992448526126509
1332 0.08043991102164227
1333 0.019722098891350015
1334 0.24521778970114383
1335 0.3495970645338957
1336 0.5552428515356951
1337 0.5480737405571858
1338 0.2783843483852593
1339 0.14833292336595605
1340 -0.06013482813096971
1341 -0.10567954139168023
1342 0.15001060718799408
1343 0.205820465469003
1344 -0.06848619786200061
1345 -0.07875501530304518
1346 -0.0424979007868842
1347 0.21116163446947667
1348 0.14744727015352055
1349 0.17395763093975347
1350 0.4026448947845438
1351 0.24577818063994528
1352 0.032408994027662175
1353 -0.06975472361295942
1354 0.03625854663124528
1355 0.1832669842665382
1356 0.33248457436042145
1357 0.21473777390383475
1358 -0.09471385975979274
1359 -0.15748085254631405
1360 -0.10291714517552464
1361 -0.11565728507787298
1362 0.008470828244185213
1363 -0.032372164131516
1364 0.036295409424610625
1365 0.10717563685687992
1366 0.06351718314311938
1367 0.09400629374607661
1368 0.027879525006540007
1369 0.014422254040027838
1370 -0.03320444285486701
1371 -0.04719704685641091
1372 0.08594247233247643
1373 0.1918121900228016
1374 0.37378857336074134
1375 0.36350183141536263
1376 0.01384830753966071
1377 -0.1489443016697578
1378 0.04408012976307418
1379 -0.0013841716694855677
1380 -0.008899225464290339
1381 0.14809296467603872
1382 0.4409409813187608
1383 0.1261606961068651
1384 -0.1581449857854409
1385 -0.0447356543730848
1386 -0.027242243576154124
1387 -0.031006444224374263
1388 0.010457728140806921
1389 -0.0626328688151716
1390 -0.06945656985089954
1391 0.045365563606594606
1392 0.18629829082431115
1393 0.24494946303968845
1394 0.01523416574877956
1395 -0.010435653732827177
1396 0.09892135536136948
1397 0.34685906390240007
1398 0.49931779087012274
1399 0.3575396397069994
1400 0.11062100971832933
1401 0.0006388086330275655
1402 0.2243271850446149
1403 0.17829517192990352
1404 0.13823546273681586
1405 0.2105325169036405
1406 0.31071446595137786
1407 0.3540859884547558
1408 0.06190669486971956
1409 0.006064044629283671
1410 0.06795937958719378
1411 0.030649395648936206
1412 0.11901387525267637
1413 0.18692196688539298
1414 0.27125256484492866
1415 0.2719355203806799
1416 -0.1206679281414722
1417 -0.2769934648842991
1418 -0.07726614335041404
1419 0.0878487371289225
1420 0.1694255224710446
1421 0.3363629996009081
1422 0.2897322017142301
1423 0.17043000929675145
1424 0.13834550366078702
1425 0.09709241365408161
1426 0.024034765069131936
1427 -0.034476490203132926
1428 -0.019872723971843698
1429 0.24951635753694745
1430 0.36165683358086653
1431 0.132986761723771
1432 -0.05488844824105854
1433 -0.06062942905577984
1434 -0.10740131541285791
1435 0.08278611295207838
1436 0.1861732215600682
1437 0.10973297859112563
1438 0.08240287567122095
1439 0.1081942913933176
1440 0.1160267893596938
1441 0.3444346521204693
1442 0.17568471632608862
1443 0.070226037917962
1444 -0.015546223474927956
1445 0.18329200696013004
1446 0.13595719531059558
1447 0.1298897410193831
1448 0.24547682845951613
1449 0.16434700979607442
1450 -0.022877498416733033
1451 -0.11814076374849947
1452 -0.8055012496603808
1453 -0.6507051272667468
1454 -0.2528226009915784
1455 -0.25289882177838763
1456 -0.29047810234993676
1457 -0.09688479734501243
1458 0.10481668188560889
1459 -0.007698399055300342
1460 -0.13863361917174188
1461 -0.12877768917695676
1462 0.14917176769864682
1463 0.15833366275091976
1464 -0.1310659117593218
1465 -0.1725730365969298
1466 0.16211341505442078
1467 -0.02780453041157216
1468 -0.13001776637463536
1469 -0.05262167255676786
1470 0.006610482687449348
1471 0.14926427139948828
1472 0.14562455318838374
1473 -0.0402906000783787
1474 0.07598234987926844
1475 0.009583673909105528
1476 -0.2505624820358321
1477 -0.12338028267163281
1478 -0.06407419728520836
1479 -0.02231856477982319
1480 -0.005059885424827826
1481 -0.055061395355778586
1482 -0.10272147309478896
1483 0.13391923023391428
1484 -0.017934377918038535
1485 -0.2077562385149463
1486 -0.07324532056179578
1487 0.0242684534887303
1488 0.06143081718812482
1489 0.21486039167251647
1490 0.3622462789307406
1491 -0.007997418653815203
1492 -0.23748690719986598
1493 -0.1683690774343063
1494 0.01862293768743939
1495 0.20288514702440352
1496 0.11308277091700347
1497 -0.05045493813599933
1498 -0.035264617503287354
1499 -0.04109752976893333
1500 0.04932520638004689
1501 0.34700957643076435
1502 0.30202792365656705
1503 -0.048324134245376626
1504 -0.22339801681943072
1505 -0.13174126698368127
1506 -0.042455174355097824
1507 -0.05438073839275148
1508 -0.08306444394133905
1509 0.1268093813527571
1510 0.09237485588920435
1511 0.09516028393829856
1512 0.1056479827215071
1513 0.005644650625583836
1514 -0.0684460898908128
1515 -0.10227258980876286
1516 0.020360526843205662
1517 0.1776514274578176
1518 0.24726911263962847
1519 0.1951166651352878
1520 0.12411408278455838
1521 0.2979875682661941
1522 0.1848483766057143
1523 0.08327053905554749
1524 -0.10478039689161278
1525 -0.04622020490256773
1526 -0.11586055165918197
1527 0.01286691670043183
1528 0.344108249495946
1529 0.2694649157888307
1530 -0.16264718040321213
1531 -0.20175847425042548
1532 -0.05873970588851307
1533 0.3312145571306928
1534 0.34560261428629246
1535 -0.009142850787611678
1536 -0.10509862571757367
1537 0.09893199432042366
1538 0.23005098816645386
1539 0.1588792827254224
1540 0.07224983759766701
1541 0.05165761063449281
1542 0.0321111254534685
1543 0.025202089422350582
1544 -0.009507597565800552
1545 -0.007015272566377462
1546 0.19320910079557052
1547 0.3101253586951316
1548 0.13591951029593474
1549 -0.15440150377088457
1550 -0.056337351629565546
1551 0.20694519429036973
1552 0.17279767747089636
1553 -0.04776141814471657
1554 0.021923318251765522
1555 -0.0025350388852984906
1556 0.1897729566925932
1557 0.17956981430677388
1558 0.046185940481279886
1559 -0.018645889064487164
1560 -0.005082632745313731
1561 0.14602802088450062
1562 0.06985613229443288
1563 -0.11084414988249591
1564 0.0011817764171837553
1565 0.1470426476263924
1566 0.19559287129993663
1567 0.14285043601006464
1568 0.18124641767883531
1569 0.38020655241967916
1570 0.33897815241584794
1571 0.17693877080853326
1572 0.04788541227355836
1573 0.08666647045475884
1574 0.0006252694800537029
1575 -0.14421121079919885
1576 0.022281698365645752
1577 0.29079042574733194
1578 0.0995442538699649
1579 -0.02779164643243348
1580 0.00917348543339358
1581 0.13213658843937992
1582 0.12390371663082078
1583 0.25292699989364564
1584 0.0461410321618132
1585 0.013025615429512527
1586 -0.10502877657313547
1587 0.09976722027846563
1588 0.2954503064067353
1589 0.20218430142620036
1590 0.004402108852104902
1591 -0.14030728214186183
1592 -0.14229009471267773
1593 -0.09504023507872716
1594 0.0725398682385503
1595 0.1577959253068002
1596 -0.06604762750487225
1597 -0.1300974581151877
1598 -0.16558682597849383
1599 -0.1687031228620981
1600 -0.3574677819120211
1601 -0.09653325827753179
1602 -0.2723666122505506
1603 -0.34229774464881757
1604 -0.0649600983646792
1605 0.052611596551514594
1606 0.09270398414815872
1607 0.06306050919630479
1608 -0.12476389741351568
1609 -0.11404612580099638
1610 0.06233033183121961
1611 0.059080840826254644
1612 -0.03452104538092726
1613 0.21444917345479553
1614 0.30869945333864734
1615 0.010634041146715845
1616 -0.07767778927944846
1617 -0.01869038314083582
1618 -0.11227556739117972
1619 0.023333830771719022
1620 0.029094798451183124
1621 0.05443536746707878
1622 0.0670872235161255
1623 -0.030032605705400783
1624 -0.05314807365300567
1625 0.01637960420265472
1626 0.11922752188206687
1627 0.11998998504583369
1628 0.1613320710299604
1629 -0.006345283293057946
1630 -0.028097484075999546
1631 0.008274031087296407
1632 0.02201369596321001
1633 -0.1487453173287463
1634 -0.08802998051191935
1635 -0.07177685880964191
1636 -0.06912567401661818
1637 0.11120020747137005
1638 0.2002434370263586
1639 -0.04814049145068111
1640 -0.0709841256050936
1641 -0.4179586319912687
1642 -0.22354995653211063
1643 -0.27762297462317065
1644 -0.19262961831594794
1645 -0.10584727336970445
1646 0.1855932903872599
1647 0.29851575575412426
1648 0.1334249002010779
1649 -0.08481398084734337
1650 -0.09037302892608068
1651 -0.10341041490300995
1652 0.1527317647779114
1653 0.07327262188238137
1654 -0.18456831573575982
1655 -0.21329232708950485
1656 -0.05149133957877439
1657 -0.022875467256994853
1658 0.015350217862078352
1659 0.12116017165169524
1660 0.059627128848319444
1661 -0.1337957269303729
1662 -0.03960778065999193
1663 -0.07259440289925578
1664 0.14196594303052734
1665 0.2901852741456423
1666 0.037644509653716796
1667 -0.13742666568231243
1668 -0.24484533557648547
1669 -0.13016394443968693
1670 -0.11962276078492096
1671 -0.05092910631032055
1672 0.10627660596566102
1673 -0.03505391631153998
1674 0.038289759626820796
1675 0.17252269258591468
1676 -0.06574362791769772
1677 -0.28538319838207826
1678 -0.28406498747290243
1679 -0.22857817753276777
1680 -0.032623572206205154
1681 -0.05258114728468399
1682 0.010566911591070038
1683 0.16463104900321923
1684 0.18588769995909615
1685 0.08704193906879709
1686 0.14804835989821186
1687 0.08091567922713239
1688 -0.1226206348485448
1689 -0.16564049246471768
1690 -0.12000393758074779
1691 -0.14550215126206467
1692 -0.02269007248833077
1693 -0.269647468897972
1694 -0.3201092377139503
1695 -0.1629579734473623
1696 -0.08959610530814643
1697 -0.09890658469237223
1698 -0.05039915213507129
1699 -0.17046789838263976
1700 -0.1342992536380052
1701 -0.06234491291093036
1702 0.05889994645127672
1703 0.004701078601158315
1704 0.03369721397518788
1705 -0.07312852504969669
1706 -0.08730425964256483
1707 -0.15098583316148506
1708 -0.12246454346529845
1709 -0.1152719513138436
1710 -0.02715335505223493
1711 -0.05648892980138953
1712 -0.21416952618415053
1713 -0.15015859176935464
1714 -0.055077194762361614
1715 0.06315806331053864
1716 -0.042814039347945254
1717 0.0681507477789296
1718 0.09316499524544497
1719 -0.09435118334931758
1720 -0.17175005677694344
1721 -0.05243516785759539
1722 -0.04720984194017319
1723 -0.04439331147636949
1724 -0.06206323540277481
1725 -0.10257975477895798
1726 -0.06321000210755301
1727 0.18102342096142365
1728 0.2188534489910694
1729 0.031249427120769724
1730 -0.09697279015836102
1731 -0.24777874709468506
1732 -0.13784218721826846
1733 0.032298990853576015
1734 0.2093615283396275
1735 0.2029684073438034
1736 -0.06605168753588941
1737 -0.07950960550567743
1738 -0.06856831640141081
1739 0.16558996955563998
1740 0.08635136695590973
1741 0.15060333353778788
1742 0.07495697704996473
1743 -0.022742134906025058
1744 -0.08619014812848036
1745 -0.13372974741514554
1746 -0.0019973234036001486
1747 0.08012132421379192
1748 0.25859706506389557
1749 0.07692585309445121
1750 0.03127621213735665
1751 -0.032207732768995356
1752 0.027271643397114076
1753 0.04647078958453221
1754 0.16734765969493992
1755 0.09668644949744021
1756 -0.013618972519452655
1757 -0.0027084999275643895
1758 0.11102675237179938
1759 0.09772101563351043
1760 0.008004391178701553
1761 -0.12955684700051506
1762 -0.5722986511198656
1763 -0.3904428670005018
1764 -0.3661416332158183
1765 -0.3806505909897737
1766 -0.2130210240334236
1767 -0.07074113464250331
1768 0.19854643370143776
1769 -0.03950174406969609
1770 -0.2275018595253755
1771 -0.22434984855675566
1772 -0.15447042916485998
1773 0.03443770580201999
1774 0.10656414834528505
1775 0.06302239857234326
1776 -0.0786058199982449
1777 -0.14419354474705415
1778 -0.11551156197407408
1779 -0.07652450329874227
1780 -0.004241357983460148
1781 0.0027889191246686096
1782 0.011661088282664878
1783 0.07054981623804224
1784 0.27759588642715016
1785 0.13984342472218714
1786 -0.11078683844732495
1787 -0.14603449732902618
1788 -0.09094729145851943
1789 -0.013255765111011897
1790 0.20443887426353058
1791 0.10052550497726997
1792 0.10711219150971374
1793 0.01940958216044919
1794 0.06297552305522913
1795 0.057214434998059005
1796 -0.014053882166933818
1797 -0.07234256070643141
1798 0.27060705268837637
1799 0.37399780713406017
1800 0.03324344716327232
1801 -0.22738810774836793
1802 -0.23166127368830303
1803 -0.23588016429647496
1804 0.16892109802824962
1805 0.23325235881156914
1806 -0.035158994296580204
1807 0.029708785099103352
1808 0.21085270013878699
1809 -0.14552790581097952
1810 -0.48089828945705904
1811 -0.29478805693446475
1812 -0.0035536466743906203
1813 0.08549139428572516
1814 -0.06885004804740902
1815 -0.5972426162796864
1816 -0.4521779101216339
1817 -0.30636385669123456
1818 -0.4303409654799566
1819 -0.28240644975181795
1820 -0.08340090295644131
1821 -0.08573889668321044
1822 -0.06893131911937189
1823 -0.041468490590204965
1824 -0.11008852304661332
1825 -0.0518570144640762
1826 -0.11840549508195863
1827 -0.08290009767216588
1828 0.02351885251590602
1829 0.1332730752644693
1830 -0.02699290420048328
1831 -0.2973947509236723
1832 -0.21349075206074986
1833 -0.0021154132134597603
1834 0.019985693633600476
1835 -0.35196638031970906
1836 -0.24917719943459815
1837 -0.0906429841589329
1838 -0.03441791359580293
1839 -0.07944868422782747
1840 -0.03226765490791195
1841 -0.01188879408300636
1842 -0.10474970844194331
1843 -0.09943391413344216
1844 -0.036245526162701935
1845 0.0600771990725093
1846 0.14553052766046903
1847 0.17533247045281541
1848 0.11426865910459583
1849 -0.04713578230399662
1850 0.08788167552489767
1851 0.03005288650433613
1852 0.058633200521228446
1853 -0.04102640997581375
1854 -0.33905653912893285
1855 -0.18742806289424152
1856 -0.10834244605729282
1857 0.07125496338233006
1858 0.11936317330219026
1859 -0.26939156012298326
1860 -0.1813364614166062
1861 0.06851677382996968
1862 -0.018578716210129187
1863 -0.12461766910854521
1864 -0.004660066955466391
1865 0.1882551320640573
1866 0.10233630494201407
1867 -0.17531235967288694
1868 -0.1310846752675161
1869 0.18318013845748737
1870 0.22863240596171863
1871 0.0810108903518767
1872 0.1689389855001764
1873 0.11012260474768709
1874 -0.049139577451740024
1875 -0.07403994577708772
1876 -0.04852583462837856
1877 0.18907753103491132
1878 0.24572026070740094
1879 0.25152949700174076
1880 0.1615673626932903
1881 -0.048975419875262105
1882 -0.14097345503370207
1883 -0.126376442660046
1884 -0.1974782181192154
1885 0.06578823282063695
1886 0.13550554543263615
1887 -0.13592430568871805
1888 -0.1902428026527332
1889 -0.1111615386994913
1890 -0.10106633804258536
1891 0.1908587086722946
1892 0.17994656739250559
1893 0.03082921319963816
1894 -0.09391518303687008
1895 0.08979361084732318
1896 0.2158274112383083
1897 0.013876004526650831
1898 -0.2336211102586958
1899 -0.1979272516069841
1900 0.06170330968535609
1901 -0.053758174310814866
1902 -0.3382939098156612
1903 -0.3856946123828493
1904 -0.22835604474528282
1905 -0.14345839823175766
1906 -0.011668511603772913
1907 0.0355312381504973
1908 0.04452248560272665
1909 -0.1228701087456443
1910 -0.13115494507167114
1911 -0.08236905210600298
1912 -0.13538084246977178
1913 -0.0019438537473206452
1914 0.27506402995555845
1915 0.3600620421662484
1916 0.2596059409857503
1917 0.09174461790053101
1918 0.13048449688017172
1919 0.16841852857351114
1920 0.30077966626186026
1921 0.06356796386842234
1922 -0.009483169032307615
1923 0.09202894089708025
1924 0.22769241602657075
1925 0.1534701024151559
1926 0.04528826638687633
1927 0.013605799150582243
1928 0.1687001997016182
1929 0.17606123152557984
1930 0.23212359476605116
1931 0.2478065437402961
1932 0.0892157654274115
1933 -0.0037487511639824334
1934 -0.01952941423860466
1935 0.07357317016953857
1936 0.20029871106356723
1937 0.3287000167612746
1938 0.3328142506020981
1939 0.2686625491469954
1940 0.1825688114021773
1941 0.05871754917035332
1942 0.3011030799486889
1943 0.31178975768062855
1944 0.26009401090919937
1945 0.19892003868932306
1946 0.19204148067370852
1947 0.3239557005341567
1948 0.33547337088384666
1949 0.2511605241872985
1950 0.2846298671264549
1951 0.23587663687493432
1952 0.17758548465354806
1953 0.2490350274651405
1954 0.09306131188878908
1955 -0.042459671866822646
1956 -0.050153968441804864
1957 0.2343183206119761
1958 0.2971417677077284
1959 0.22586153027464206
1960 0.18641462612606574
1961 0.18992599325156334
1962 0.2936736445820429
1963 0.2143361097989782
1964 -0.0020707891285383084
1965 -0.06917248992607483
1966 -0.0399114392561728
1967 0.04584410538620887
1968 0.015535638473579638
1969 0.11158691972252655
1970 0.08381516235471054
1971 0.09986809390005646
1972 -0.025384308103184594
1973 0.14046841673336985
1974 0.33298061266964396
1975 0.2937375305727983
1976 0.25336261057128695
1977 0.24480451733995778
1978 0.33704783722373577
1979 0.4490807295939021
1980 0.45618682131458854
1981 0.26025105926095193
1982 0.07972108380738518
1983 0.0835746757375091
1984 0.28592496523555155
1985 0.35442918067337814
1986 0.3094291284614883
1987 0.2773223246792327
1988 0.45858407089087905
1989 0.57988194620782
1990 0.6064099055529937
1991 0.34372738317637186
1992 0.12517201448349624
1993 0.2746962522966214
1994 0.3755414160212922
1995 0.40859206118386737
1996 0.3492664541780073
1997 0.39656187064662163
1998 0.4221105000502803
1999 0.6026619848866517
2000 0.6179707635541263
2001 0.8147573861049864
2002 0.8656495581295758
2003 0.7233088273683848
2004 0.6179670507619903
