851 -0.040001548810323584
852 -0.03713313168896093
853 0.035090417309675104
854 -0.09315014058898896
855 -0.24244012806167348
856 -0.16535156945724339
857 -0.13218890030492503
858 -0.2052727408491819
859 -0.146034810330832
860 -0.007340770307905586
861 0.04960092266406946
862 -0.00463970681516912
863 -0.14840188253992892
864 -0.12091635210276763
865 -0.11984570952768081
866 -0.20101838711701703
867 -0.10537881828003037
868 -0.022521835200336682
869 -0.025318305862413126
870 -0.03997842437541976
871 -0.02574448547341035
872 0.10225314849844835
873 0.12233147150982404
874 -0.04487105239081757
875 0.018407520264474897
876 -0.08885524566767344
877 -0.1502113572994972
878 -0.12404082205119948
879 -0.1342688714905762
880 -0.07848239093425491
881 -0.0921897218374852
882 0.0054046949426833635
883 -0.04863258283370442
884 0.009200740718597444
885 -0.05335462202015151
886 -0.13541296254317103
887 -0.020315291161807636
888 0.03072664588250973
889 0.029862533505990996
890 -0.010230567236646948
891 0.01844149678464646
892 0.0025945679697088053
893 0.03300204708796173
894 -0.06761395460262065
895 -0.004640772526101955
896 0.030849740430653583
897 -0.23892637776947367
898 -0.1994454962860459
899 -0.15722674798581693
900 -0.17749513875810408
901 -0.09387552538407817
902 -0.09429885989857212
903 -0.17639785226714366
904 -0.119659721341975
905 -0.10296964078838755
906 -0.11067976919230205
907 -0.11342204877774975
908 -0.014258916584196868
909 -0.13236708000277986
910 -0.129971395587404
911 -0.19266770883797335
912 -0.2649170718843834
913 -0.17623420397160316
914 -0.2168077134447799
915 -0.10217156295084351
916 -0.11168940403553052
917 0.005835175797074044
918 0.055114918132062485
919 0.04147033381889287
920 -0.014432120788569591
921 -0.0726730238201867
922 -0.04597435780522119
923 0.08370371405914057
924 0.0871084413648191
925 0.07424841498885826
926 -0.01928709750791313
927 0.03205422451736695
928 0.12895197723827323
929 0.13075830937009414
930 0.10337068563222829
931 -0.07710570045537679
932 0.015183626944462958
933 0.13682175737216085
934 0.17285992006253537
935 0.1104937712506171
936 0.024591891365219
937 -0.016009399292386206
938 -0.04531306845154859
939 -0.08418826358223441
940 -0.07329114931570757
941 0.013903934025336184
942 0.04628948735461336
943 0.020796759676954935
944 0.07971727316612487
945 0.1324672519999126
946 0.09356474962902439
947 0.15077232785148453
948 0.18049030524554155
949 0.16825431963826532
950 -0.07048945049723443
951 -0.03874994705546442
952 -0.04126226835569469
953 0.03030714824961933
954 -0.009954992047653377
955 -0.09043529522506333
956 -0.13740482261943043
957 -0.0844834864141717
958 0.01075749110839297
959 0.008799448790682618
960 -0.04576525996407099
961 0.036776856639676225
962 0.11887205177458782
963 0.004956019564531289
964 0.09394664785133955
965 0.07163876396265323
966 0.052587426145976224
967 0.03777378974569956
968 0.002281628961611659
969 -0.023538075212115928
970 0.006697935621559736
971 -0.18756200172424542
972 -0.3723426190798591
973 -0.3523625586117305
974 -0.34099983004034584
975 -0.207247587045174
976 -0.17003193446333853
977 -0.10878091402264545
978 0.05146815365316115
979 0.01764403371566914
980 0.0058894839645518005
981 0.13847767955985546
982 0.12573140773218938
983 0.10116888456360584
984 0.15080822967507856
985 0.0606537321164069
986 0.06868331249341963
987 -0.13639622329645817
988 -0.13333536555694536
989 -0.18662736297170568
990 -0.09452056734721737
991 -0.15711312878732997
992 -0.13572368468652485
993 -0.03316313797108705
994 -0.09433784410759927
995 -0.0479963710033644
996 0.02400556628629147
997 0.11700921970032141
998 0.05027810371035457
999 -0.04908073361559673
1000 -0.11632442377117513
1001 -0.09684604480634107
1002 -0.15489513509322705
1003 -0.26214852675798284
1004 -0.09623183491282816
1005 -0.10059172792682602
1006 -0.13164752629313625
1007 -0.056252139995820016
1008 -0.011489468858314922
1009 0.016198715686130072
1010 -0.008150877615264562
1011 -0.09816060593664133
1012 -0.17172399778473846
1013 -0.1353578968762008
1014 -0.08959056727161396
1015 -0.062480813577565186
1016 0.0008941733875644786
1017 0.04626340412778518
1018 -0.03921158675660763
1019 0.008546716685259526
1020 -0.12592319072382452
1021 -0.12638846336096776
1022 -0.07158126946291077
1023 -0.12160511858661494
1024 -0.19106364284272104
1025 -0.2202705883115641
1026 -0.15578169851676194
1027 -0.036330108172478504
1028 -0.033343250757923215
1029 -0.07607368330974396
1030 -0.019216039359264414
1031 0.05639830193757689
1032 0.12419311337907857
1033 0.07651461273570703
1034 0.05676867904287519
1035 -0.00691700013709351
1036 0.015420435495684615
1037 -0.03326128228451353
1038 0.0058127639502458806
1039 -0.004817984260512276
1040 -0.09802397584996925
1041 -0.1890074665349175
1042 -0.21766286735527274
1043 -0.22661634564474298
1044 -0.09736607851527879
1045 -0.04267067592127205
1046 0.005936276432919385
1047 0.0027255418559093414
1048 0.003351701999577017
1049 0.049916741672063836
1050 -0.05733740670967791
1051 -0.12686019074260457
1052 0.028505536272632526
1053 0.10760311340737871
1054 0.02019185635509757
1055 0.12415610797887666
1056 0.12166846518442753
1057 0.04447948861837858
1058 0.0379926772654926
1059 0.03538877419458686
1060 -0.05456188976449994
1061 0.013039879195275716
1062 0.02953913314672718
1063 0.039974158341749444
1064 0.134579388133659
1065 0.03132479645864805
1066 -0.006189042405083001
1067 0.10959756661145548
1068 0.10780698997984928
1069 0.20687738636109998
1070 0.19554164575714594
1071 0.045732559143573326
1072 -0.008861147370566869
1073 0.12358254589742046
1074 0.06923053232924303
1075 0.013573742858454807
1076 -0.06903528714644835
1077 -0.09594274471436393
1078 0.026043769486420842
1079 0.06634656428599328
1080 0.11799443071049609
1081 0.0587424990561658
1082 0.14589932041246811
1083 0.23455851960102336
1084 0.2074130647625907
1085 0.20443611383262805
1086 0.196534070807445
1087 0.16627997658923732
1088 0.13721182660509612
1089 0.03358191062346805
1090 0.053549647350223495
1091 0.0979140465818773
1092 0.044055966440112115
1093 0.17205455910891487
1094 0.15201116532745118
1095 0.02907435699319194
1096 0.09506660059366823
1097 0.09891160194149506
1098 0.05435154754911764
1099 -0.046136863173956044
1100 0.0030022097286632743
1101 0.057920714683803
1102 0.0626077253879771
1103 0.13292259082192004
1104 0.10024456973121687
1105 0.029425212240141718
1106 -0.0034881646371900388
1107 0.018094395614298264
1108 0.08988526716262868
1109 0.15893320010997058
1110 0.05472650429061332
1111 0.03273913918553717
1112 0.020520466888967803
1113 0.004973237272622555
1114 0.00519530266529955
1115 -0.02916234359651071
1116 -0.051161721816527006
1117 -0.013158671224800855
1118 -0.021216694301585903
1119 0.03635008013736751
1120 0.11052575191973801
1121 0.12236397477835226
1122 0.0645494123588719
1123 0.032392178961572426
1124 0.08301174793240307
1125 0.13864131276329772
1126 0.14239441851998436
1127 0.12164538094219779
1128 0.16029782246027935
1129 0.1475301034331551
1130 0.043787191106446244
1131 0.029794316982417968
1132 0.036472344121420974
1133 0.10073817677039187
1134 0.039125481445978494
1135 0.046268628308268944
1136 0.09538214984735305
1137 0.16992908937538687
1138 0.05233344921441585
1139 0.1294017982204423
1140 0.10586004989130515
1141 0.018839280177246565
1142 0.026452496898855316
1143 -0.00993680693954957
1144 -0.022058513268405022
1145 0.022576717667959656
1146 0.06527992060330234
1147 0.08633513997529008
1148 0.04405630723044851
1149 0.06758453640475182
1150 -0.06037584766136206
1151 -0.04927629431557534
1152 -0.008408950204284338
1153 0.03949738458356933
1154 0.0013615621545000067
1155 -0.07819039790530269
1156 -0.0716661387434101
1157 -0.05881707608511988
1158 -0.0156935601665964
1159 0.03642227880533255
1160 0.045657439757462726
1161 -0.021656245962503817
1162 -0.06650775183129554
1163 -0.1412673677981502
1164 -0.14640696337630743
1165 -0.13939965451646685
1166 -0.15325897984774883
1167 -0.2072314016202199
1168 -0.19344817501968237
1169 -0.10059219904832162
1170 -0.11536520284778362
1171 -0.23319353432782464
1172 -0.1310720689423306
1173 -0.19840566929883607
1174 -0.13406463608390595
1175 -0.08141621321459525
1176 -0.04321404192370437
1177 -0.11146045708750307
1178 -0.11522979002722877
1179 -0.035521598895400075
1180 0.06406357546734398
1181 -0.03251522482003111
1182 0.02540048314330079
1183 0.07636991348027777
1184 0.06307641279795462
1185 -0.045675389769996855
1186 -0.036093070107313
1187 -0.0975966098260983
1188 -0.09204324960046506
1189 -0.0642673986044997
1190 -0.11994547748440709
1191 -0.07201719678778318
1192 -0.08048966208968977
1193 -0.21312883360781143
1194 -0.3263737115747176
1195 -0.22029126081815775
1196 -0.1642022257987037
1197 0.0442255683408348
1198 -0.0010798818981925251
1199 0.02073769611621401
1200 -0.014082913414540599
1201 0.0027056399976004286
1202 0.0028453427235604067
1203 -0.06404143211710789
1204 0.04201054378745539
1205 0.01599748869244877
1206 -0.014448307249892878
1207 0.027811825603123452
1208 -0.08822680127263993
1209 -0.08617894693333028
1210 -0.057353427116481726
1211 -0.10135408391317924
1212 -0.06853749497480521
1213 0.009356488535843255
1214 0.09010689189068444
1215 0.08076902435186639
1216 0.14678870999284754
1217 0.07805916161316873
1218 0.0614109443607731
1219 0.005575421256480695
1220 0.007516101591306779
1221 0.08777765800249426
1222 0.09218580415466704
1223 0.012880017492193474
1224 -0.018344557699322195
1225 -0.08729561833069965
1226 -0.1303731901080596
1227 -0.14570589482855212
1228 -0.4232068793294843
1229 -0.7243458953047934
1230 -0.6534723259762245
1231 -0.49655069160837684
1232 -0.40097226092370875
1233 -0.32050075411501666
1234 -0.31260250522700517
1235 -0.24493925604338074
1236 -0.1697791193514604
1237 -0.009405572640559967
1238 -0.05610670534935025
1239 -0.09341613336891896
1240 -0.14417843294205568
1241 -0.11021333909189934
1242 -0.14169344235449444
1243 -0.09511073117664637
1244 -0.04215621852398499
1245 -0.06554336752554946
1246 -0.15131236738994858
1247 -0.20552358535672965
1248 -0.2746747317589211
1249 -0.1327456954170998
1250 -0.006760010974005581
1251 0.018669786307555114
1252 0.0201250432101574
1253 0.023567365262181283
1254 0.029873990624878388
1255 0.07835267925457856
1256 -0.03890206174776267
1257 -0.2571428288838433
1258 -1.0294250144026478
1259 -1.04319345709456
1260 -0.8209335509789639
1261 -0.6695243473678261
1262 -0.5139389114656296
1263 -0.4440155791207303
1264 -0.30852240385496543
1265 -0.2870806658315814
1266 -0.11506004286769667
1267 -0.06432143926139133
1268 -0.19287833902882312
1269 -0.17642880995788346
1270 -0.19973405128394006
1271 -0.13332737144929752
1272 0.05396419840207045
1273 0.00965123398424339
1274 -0.04446777421060233
1275 -0.06742990962055728
1276 -0.13517136570885668
1277 -0.11950233963631263
1278 -0.020185155365993523
1279 0.10053799143423703
1280 0.07284962459715416
1281 -0.10601753939727132
1282 -0.08747504285128116
1283 -0.054621810989715414
1284 0.006538232342506944
1285 0.019143051689468393
1286 -0.32312739976561033
1287 -0.4993857962487027
1288 -0.546441450906741
1289 -0.37765967838566894
1290 -0.3039652107663642
1291 -0.19510516522529997
1292 -0.1585780418229774
1293 -0.19504174365670224
1294 -0.19568134547245108
1295 -0.17736789965272237
1296 -0.0941941862256499
1297 -0.15621023226259467
1298 -0.1413849749478686
1299 -0.17060320945017793
1300 -0.10501325154979213
1301 -0.17926104071921145
1302 -0.1318819265391653
1303 -0.11481521632708791
1304 -0.1322781231706358
1305 -0.11719009838219563
1306 -0.16000367465903764
1307 -0.17520580095271043
1308 -0.17885780561221054
1309 -0.06908268396330186
1310 -0.047794193328343226
1311 -0.032870715251590354
1312 -0.09852224947724153
1313 -0.005086828017454081
1314 0.040053726341454876
1315 0.17272415403982677
1316 0.1473260056089316
1317 0.06167184809686432
1318 0.02484091879296102
1319 -0.0037153350602352475
1320 0.009129104768817342
1321 -0.0057288914652531275
1322 0.040304775917377356
1323 0.08240881498920771
1324 0.06902962435339077
1325 0.030936027449854464
1326 0.09107317478725463
1327 0.16769234756299056
1328 0.013586064580408674
1329 -0.09661859602925915
1330 -0.10198273520757084
1331 -0.24185255348857027
1332 -0.20517856357514574
1333 -0.20223652926040359
1334 -0.10396215595181957
1335 -0.007066444166753172
1336 -0.06314198261287629
1337 -0.13136083505162333
1338 -0.029387803921963496
1339 -0.02941588804225148
1340 -0.04020385463616094
1341 -0.04603472193514335
1342 -0.1730514423820182
1343 -0.1857048566849926
1344 -0.2027734587701957
1345 -0.2028757687213556
1346 -0.15866248316399378
1347 -0.1192817427056525
1348 -0.030175044689030983
1349 0.05506003269090343
1350 -0.01772427742309901
1351 -0.021444688361043518
1352 0.05427820075567524
1353 0.11015418139112398
1354 0.02781926494913023
1355 0.009838070168655122
1356 -0.013876163423446997
1357 -0.05131364899068558
1358 -0.09056494930013059
1359 -0.04505543384266275
1360 -0.10223386535744794
1361 0.017004710341780083
1362 0.00930741791961509
1363 0.08477445732268052
1364 0.23972181219465938
1365 0.14852950008321386
1366 0.0957321595326448
1367 0.14354736047783945
1368 0.1569591616449202
1369 -0.06523943462622128
1370 -0.1828029963214135
1371 -0.20219353072064905
1372 -0.19019068170695164
1373 -0.12123719465972727
1374 -0.06188558826050894
1375 -0.09254561672810269
1376 -0.1183522892218889
1377 -0.0983650740247981
1378 -0.11523084932059646
1379 -0.11486998429899131
1380 -0.14140075262196206
1381 -0.20506938165073052
1382 -0.14548117290303253
1383 -0.08063728321701547
1384 -0.04748977646664798
1385 -0.10764094808581604
1386 -0.011109494400159292
1387 -0.08227932746984834
1388 -0.08664576584897077
1389 -0.12191586822581257
1390 -0.08494645525604483
1391 -0.04614018709082757
1392 -0.05130921729272586
1393 -0.10529806334494651
1394 -0.11547568253257623
1395 -0.010254782576055277
1396 0.012094515756018609
1397 0.11280918409875085
1398 0.06788782564416351
1399 -0.03240607979859078
1400 -0.06683043986333814
1401 -0.12278580004340256
1402 -0.08204929156084972
1403 -0.11086344608497711
1404 -0.10320492110781743
1405 -0.0452008457705233
1406 -0.05901600650850014
1407 0.03218652113037024
1408 0.04110042996848051
1409 -0.02002896714009239
1410 -0.06160110847906708
1411 -0.18249754159677423
1412 -0.16554453057420915
1413 -0.1810449237705143
1414 -0.13149262803744932
1415 -0.09054198571323013
1416 -0.020518449043890996
1417 -0.03470243348050417
1418 -0.07278584090494178
1419 -0.06743172142228104
1420 -0.0395234519726273
1421 -0.14974295446126007
1422 -0.24196044122203375
1423 -0.2133439870013376
1424 -0.19640991679494846
1425 -0.1679723240937392
1426 -0.2023077628145984
1427 -0.18695002935209004
1428 -0.11951232393357714
1429 -0.06464707526657776
1430 -0.04430852687198694
1431 0.008588475415933772
1432 0.07732855380913861
1433 -0.028006157685695143
1434 -0.11829140448952558
1435 -0.12130004962534713
1436 -0.09626493766046451
1437 -0.13096929650151878
1438 -0.11085761570967634
1439 0.00021160489546900862
1440 0.018088583631879374
1441 -0.07422469447948288
1442 -0.3386464590231526
1443 -0.31528414652962056
1444 -0.3206175113555787
1445 -0.21232429461196034
1446 -0.11734793665999632
1447 -0.03245358069267468
1448 -0.005491290472377841
1449 -0.042642434304241306
1450 -0.07963890022045916
1451 -0.15229334710210196
1452 -0.12060044722784369
1453 -0.05946325361065874
1454 -0.05617883530993595
1455 -0.28807364716834627
1456 -0.7094872624141431
1457 -0.8364895354400801
1458 -0.8407885137064568
1459 -0.7411540138605801
1460 -0.6465451428874758
1461 -0.5509729864520523
1462 -0.47612086756458893
1463 -0.43901024856836557
1464 -0.3658206439791343
1465 -0.22310973554561997
1466 -0.23181433092952375
1467 -0.28738143110399506
1468 -0.2885068920381286
1469 -0.209338177276436
1470 -0.16037352564728735
1471 -0.16676966059571896
1472 -0.07853361240017875
1473 -0.13670179402271287
1474 -0.23297724167213119
1475 -0.20149582906918795
1476 -0.09396781089861861
1477 -0.031093326125983367
1478 -0.09916497092109466
1479 -0.13394691823799576
1480 -0.17146154616449394
1481 -0.12088453484108186
1482 -0.13531326716861258
1483 -0.18990688698568192
1484 -0.15904757964136707
1485 -0.15250782067960245
1486 -0.15885103460050232
1487 -0.17282276444791478
1488 -0.23324087428312623
1489 -0.11656124359296882
1490 -0.15475875308851528
1491 -0.0701499571379145
1492 -0.0781610828349244
1493 -0.14503817150455234
1494 -0.17211824843360546
1495 -0.09400437944231044
1496 -0.061797485054853496
1497 -0.10454581731335111
1498 -0.16153845286538626
1499 -0.10498963429807873
1500 0.012453793084318932
1501 0.06923847426668317
1502 0.025967173189712867
1503 -0.005004235033425175
1504 -0.0036750460825487608
1505 -0.03789111150962299
1506 0.005125895086223409
1507 0.016487953751493478
1508 -0.08925897968191521
1509 -0.08158243188762526
1510 -0.03979441267489392
1511 -0.07329560309489125
1512 -0.0758534995241007
1513 -0.0028442865934152906
1514 -0.10522308085683107
1515 -0.21100601033163002
1516 -0.1786434072136558
1517 -0.20050162225396662
1518 -0.030143142793519928
1519 -0.02903661542785585
1520 0.05591914667070341
1521 -0.016356932765404508
1522 -0.03011381091283738
1523 -0.09929099547156284
1524 -0.1656244785423837
1525 -0.09369255649204433
1526 -0.08899055158661895
1527 -0.1640159542961328
1528 -0.11388946604239436
1529 -0.021446411602028093
1530 0.0249324947035916
1531 -0.021328914208709193
1532 -0.07756522983356717
1533 -0.0813777377118754
1534 -0.052654128630649666
1535 -0.0033985553246793643
1536 0.08156662104300949
1537 -0.07095999867004821
1538 -0.19935251851120483
1539 -0.1696389124896882
1540 -0.11744716849403858
1541 -0.11067760801819304
1542 -0.09131234849894554
1543 -0.19469005056157584
1544 -0.1606385123857308
1545 -0.005352765079351229
1546 -0.018209719980461614
1547 -0.031485982387323475
1548 -0.09424546757657026
1549 -0.01746995641326521
1550 0.007720938500256125
1551 0.11989843470553296
1552 0.14136505433395996
1553 0.07623066149221813
1554 0.15424528055530118
1555 0.14408011230119655
1556 -0.01006469428307355
1557 -0.05934454811830392
1558 -0.0635482084215937
1559 -0.020395090342901767
1560 -0.09940792014441513
1561 -0.0783401367505121
1562 0.07321277922574154
1563 0.004308604934578852
1564 -0.03143815278514239
1565 -0.06348880088808073
1566 0.0038831665833072293
1567 -0.06306424097022045
1568 -0.09593045433138059
1569 -0.15053629314002137
1570 -0.07233252968495663
1571 -0.10519158016603569
1572 -0.09523451577160813
1573 0.05695116316280746
1574 0.06312140654000586
1575 -0.10365195083517165
1576 -0.12946084444246253
1577 -0.046966834319675854
1578 -0.09120376653100948
1579 -0.09187659187801955
1580 -0.23952826869151522
1581 -0.273853105002388
1582 -0.17799781166468165
1583 -0.13464312155537073
1584 -0.05718883092094984
1585 -0.1562100084115059
1586 -0.08882206612025811
1587 -0.03206700570473231
1588 -0.10831878811950446
1589 -0.22076043239871979
1590 -0.1832774381358604
1591 -0.07594754401259252
1592 0.02793568255771106
1593 -0.04033814238329114
1594 -0.2005439338602173
1595 -0.18614762335522528
1596 -0.11030297160499458
1597 -0.05850811047497473
1598 0.005996749940152313
1599 -0.048753454439406596
1600 -0.3916815848944566
1601 -0.40617628107941073
1602 -0.37086311190802235
1603 -0.4045930264682056
1604 -0.3482637006813434
1605 -0.30817672928071715
1606 -0.27344391427737946
1607 -0.1916256646071588
1608 -0.086719326816592
1609 -0.14792881209990583
1610 -0.23095611593771537
1611 -0.24237099986146404
1612 -0.18377665755161843
1613 -0.18103833507160516
1614 -0.13927272360950838
1615 -0.18045347391301902
1616 -0.18455395637028005
1617 -0.3097925864432227
1618 -0.24074264149334113
1619 -0.1812635615053182
1620 -0.15457212199623882
1621 -0.15938123650050784
1622 -0.1415461265235649
1623 -0.12062662525397627
1624 -0.17066511688045694
1625 -0.18887901575334354
1626 -0.17250096698035122
1627 -0.09439379404074089
1628 -0.2061222780627645
1629 -0.15406530752539993
1630 -0.12959413285256005
1631 -0.11653576092481899
1632 -0.07596111671290373
1633 -0.19175657551113545
1634 -0.10019672282373904
1635 -0.08482909063047828
1636 -0.08989799562419876
1637 -0.13507122172086383
1638 -0.03251340796794011
1639 -0.1031205250286007
1640 -0.1387013273730986
1641 -0.2850732571162098
1642 -0.4432442865240205
1643 -0.4882982455186493
1644 -0.3819716087014058
1645 -0.3787918866296991
1646 -0.32138599167308257
1647 -0.238162122320432
1648 -0.22447126576707888
1649 -0.1290136298446214
1650 -0.21302111075431185
1651 -0.10855726939337274
1652 -0.06504423678103421
1653 -0.08946532118596906
1654 -0.03648990099270577
1655 0.04816193190060858
1656 0.0550143414797617
1657 -0.011729481098598171
1658 -0.060022577737754546
1659 -0.13590600548548082
1660 -0.13093050769566617
1661 -0.11163668930458925
1662 -0.12404463518390685
1663 -0.1210069417911086
1664 -0.18721007106915977
1665 -0.13082305324479648
1666 -0.15447672540352642
1667 -0.1761711407788198
1668 -0.046461672087957595
1669 -0.09699986523634152
1670 -0.08332669131817738
1671 -0.06759344870744144
1672 -0.09001203520244871
1673 -0.13044716992578742
1674 -0.2523236868682943
1675 -0.353652860093689
1676 -0.39989873715825297
1677 -0.40217827771567727
1678 -0.29517788883157436
1679 -0.196748246640027
1680 -0.09161885920542545
1681 -0.1044516001898046
1682 -0.11538323948633433
1683 -0.12303325820499822
1684 -0.1961215254137869
1685 -0.23037663778791284
1686 -0.11816043195756265
1687 -0.016626927781771883
1688 -0.024519670157133078
1689 -0.12317058526565461
1690 -0.05109090360195978
1691 -0.007784110004820377
1692 -0.017726000855589064
1693 -0.046652397142963764
1694 -0.28985279789020524
1695 -0.5351973129867247
1696 -0.6104779808264311
1697 -0.47010338266551344
1698 -0.4557630529452581
1699 -0.35153844152176816
1700 -0.34288001954053016
1701 -0.3211615462084296
1702 -0.2678401719011845
1703 -0.22751636377165596
1704 -0.22650615898328397
1705 -0.3075009400837416
1706 -0.22091177834715836
1707 -0.11583809964162128
1708 -0.14602322390277322
1709 -0.22055099640056142
1710 -0.16144153032144004
1711 -0.08250625320641802
1712 -0.010982964053653177
1713 0.07777108587958992
1714 0.016553128999021283
1715 -0.08466137834801657
1716 -0.02227090278012156
1717 -0.10366860387614452
1718 -0.13893723601103147
1719 -0.16633824944472053
1720 -0.045700703656450514
1721 -0.09541532595494573
1722 -0.19229893294863132
1723 -0.2268971191823539
1724 -0.18256548898693836
1725 -0.05060837053275691
1726 -0.029077397410333106
1727 -0.09418666851877333
1728 -0.1217967654844756
1729 -0.13539960948838825
1730 -0.1655243437268723
1731 -0.21228280769054209
1732 -0.20646072026869433
1733 -0.15094720530237282
1734 -0.0947730766231416
1735 -0.07971641452502354
1736 -0.015476867411052808
1737 -0.10730335611600594
1738 -0.11292327965543336
1739 -0.05941553179849279
1740 -0.0883633159523356
1741 -0.1469245688951446
1742 -0.09190061570541275
1743 -0.11280516787377337
1744 0.0027010302707708433
1745 0.015195541141679314
1746 0.04728307807664578
1747 0.1121593311002016
1748 0.09260645681433743
1749 0.008624561510316653
1750 -0.008458357946153683
1751 -0.015427255903887271
1752 -0.006442950456005292
1753 -0.1196283373942606
1754 -0.12321933334294499
1755 -0.19051354835784196
1756 -0.05298779775228013
1757 -0.05278745195823831
1758 -0.0679075780618632
1759 -0.04758231755306497
1760 -0.13626871229854487
1761 -0.20835900905649396
1762 -0.27633675888279186
1763 -0.14137594183318924
1764 -0.13767531853716264
1765 -0.21390151566572513
1766 -0.17453107628659836
1767 -0.22273673984585685
1768 -0.18443074264541792
1769 -0.0883094079950979
1770 -0.1038187934170196
1771 -0.1084912311303583
1772 -0.1761656336165629
1773 -0.066770323955609
1774 0.0008649394425788159
1775 -0.04464244249834337
1776 0.0016189742403298624
1777 0.02421548401775908
1778 0.11752938784104572
1779 0.059609392227571334
1780 0.0029429824290332363
1781 0.024379691557726346
1782 -0.043050097691036626
1783 -0.03957178565195818
1784 -0.1170121165943101
1785 -0.07917347619513748
1786 -0.07037235763129956
1787 0.02114560172401525
1788 -0.04492159686043351
1789 -0.09488258131665361
1790 -0.04081007303977913
1791 -0.11445574914574763
1792 -0.13694576868630293
1793 -0.13954789806615508
1794 -0.1156153265312696
1795 -0.11667932651351975
1796 -0.16305999321565423
1797 -0.06834787704684686
1798 -0.12301061287644188
1799 -0.2092706126837811
1800 -0.18700630806836216
1801 -0.24252432698830262
1802 -0.2322440846463678
1803 -0.24182830670719113
1804 -0.24410258404253682
1805 -0.08526714563674886
1806 -0.14062071942282728
1807 -0.14914991388877752
1808 -0.19508737650801322
1809 -0.5276390763004883
1810 -0.7469737943964105
1811 -0.5356919097576451
1812 -0.39769454497604784
1813 -0.23467472765889852
1814 -0.14026645932955262
1815 -0.5713153037470988
1816 -1.0155942610496709
1817 -1.01430340568038
1818 -0.9395692729885354
1819 -0.7258053342414428
1820 -0.5946394941225321
1821 -0.5155265927666619
1822 -0.35693105050665963
1823 -0.3189958033134985
1824 -0.3714901967053379
1825 -0.34728845133366804
1826 -0.23403497615993274
1827 -0.13137933414719782
1828 -0.05094707501365292
1829 -0.12650067778560015
1830 -0.19088315062953143
1831 -0.20148275587985154
1832 -0.33640902828113894
1833 -0.28899820846521607
1834 -0.2433203759437106
1835 -0.47922842006050814
1836 -0.5777401547165368
1837 -0.5459643182275613
1838 -0.3063393856854191
1839 -0.25467344771129774
1840 -0.15315440914673673
1841 -0.08346629234944203
1842 -0.13906387581300805
1843 -0.1375560666241995
1844 -0.15698623988623694
1845 -0.210378926857004
1846 -0.1931178078641551
1847 -0.0319222321726329
1848 0.0965201161785103
1849 0.04396118542615568
1850 -0.045151197630218576
1851 -0.1574920637290802
1852 -0.0924081985453995
1853 -0.015843072999984997
1854 0.05202548721712219
1855 0.05891050589167435
1856 -0.008823214791050304
1857 -0.025043256154106075
1858 0.0567861525837543
1859 -0.02671205390220166
1860 -0.01355317144879109
1861 0.03053466875275035
1862 -0.028644741681375763
1863 -0.1436345349133603
1864 -0.06482759165481866
1865 0.014069708420038296
1866 -0.004512602002989752
1867 -0.032026875612643835
1868 -0.13715489767503186
1869 -0.12937470451447552
1870 -0.07305056249430208
1871 -0.2054342104022453
1872 -0.05118916056443368
1873 0.07123905325687474
1874 0.0074667702532451585
1875 0.05222672339613155
1876 0.07263684855058727
1877 0.17749663200748955
1878 0.1996230265427812
1879 0.21384170074259146
1880 0.11272720920777601
1881 0.19565917752765927
1882 0.1861235188827095
1883 0.02308849897286791
1884 -0.16522424771426358
1885 -0.19229148269721463
1886 -0.13014107563856214
1887 -0.10410002293389198
1888 -0.03484643009494448
1889 -0.020685834137907477
1890 0.04605445315138468
1891 0.07090805675153433
1892 0.10047133372017925
1893 0.14838472137893177
1894 0.1243083667120004
1895 -0.0011109176228387696
1896 -0.14016530552441964
1897 -0.10863244136169214
1898 -0.031550048119470375
1899 0.056499508890965444
1900 0.11254179375242757
1901 0.09526255383150328
1902 0.02135523658830607
1903 -0.17383616947302016
1904 -0.03665206212224348
1905 0.01112073784435097
1906 0.03457210748985062
1907 0.09947651195972185
1908 0.09060398776796319
1909 0.10594427900281289
1910 0.08875425305740237
1911 -0.020593733666544267
1912 0.033460997083864186
1913 0.018230947159054267
1914 0.010470219591525165
1915 0.081459977465272
1916 0.1244683858423059
1917 0.265565000751792
1918 0.35625013553180906
1919 0.14740927176461582
1920 0.13962035151092778
1921 0.163083075823522
1922 0.18132313822189872
1923 0.16708341836067575
1924 0.2165828150638731
1925 0.1653925327042316
1926 0.27297520339999437
1927 0.25092821983224667
1928 0.1785644254082399
1929 0.23541926393738777
1930 0.2811033924281787
1931 0.2676029326628395
1932 0.302596039673233
1933 0.32163066776229243
1934 0.34915626228564633
1935 0.25172368267044476
1936 0.16829812396287025
1937 0.20516419447847056
1938 0.28682708113814215
1939 0.21963088885581783
1940 0.16524337760432672
1941 0.18360466139642995
1942 0.35716217935294026
1943 0.32113097107821886
1944 0.393615996612823
1945 0.444432243228448
1946 0.3775315649940012
1947 0.3552676408824027
1948 0.42943966996654126
1949 0.38484974698098995
1950 0.2402556650345673
1951 0.24724209281151843
1952 0.28849382341394403
1953 0.2853817690781284
1954 0.3220863857785048
1955 0.34775934269003983
1956 0.3699367243722236
1957 0.3670352997073678
1958 0.4982563844283163
1959 0.5742234747198154
1960 0.44165301883953134
1961 0.3766546506848272
1962 0.3570315786208198
1963 0.3075857093071477
1964 0.3038872424906458
1965 0.32643386308041045
1966 0.30703607724422
1967 0.3056106286201725
1968 0.3155572048304407
1969 0.28233047790962473
1970 0.399927596936152
1971 0.42125200500311166
1972 0.5305163558450658
1973 0.6289845842214277
1974 0.5817618749006215
1975 0.38947112019519636
1976 0.49599697041048785
1977 0.4886849446954784
1978 0.4859618846780336
1979 0.5291135789769328
1980 0.6252691821378562
1981 0.6445789751990674
1982 0.5537667356306883
1983 0.3259373956787499
1984 0.4120549883528497
1985 0.41958344659366276
1986 0.6123052120599368
1987 0.7214035039797864
1988 0.6921965920303705
1989 0.7056639675473093
1990 0.701033813665731
1991 0.6900910014188071
1992 0.5485588050671595
1993 0.578306859032466
1994 0.5874555744406962
1995 0.6420249975241177
1996 0.7093426088731576
1997 0.7950807416447105
1998 0.862345602008304
1999 0.8354740071897595
