850 0.2678101157211472
851 0.43568970496119164
852 0.36148099937673805
853 0.4089601887520189
854 0.21569642971223857
855 -0.03719540642305219
856 -0.024220654079840642
857 0.021524928163216828
858 0.16723649567995835
859 0.37423162759500883
860 0.2514421755862486
861 0.010084666123475472
862 0.09656423844768369
863 0.2448547479557419
864 0.26226210919497817
865 0.0932411954871668
866 0.0791826296592717
867 0.09036154184389034
868 0.03169431944519374
869 0.3588930782881903
870 0.019923299438971753
871 -0.1282200207662072
872 -0.0419987633152914
873 0.07808513289313623
874 0.09254592949935159
875 0.10028338474791099
876 -0.0878325198328298
877 -0.026802357544909228
878 0.15719569776729259
879 0.1672171214223681
880 0.07201969147268983
881 0.05801801440821919
882 0.15796800651565945
883 0.31628151734872745
884 0.1050835786877542
885 0.08334095231629135
886 0.10800482335292827
887 0.12815451243824327
888 0.18040904519125434
889 0.18637056901934557
890 0.07414100932885503
891 0.06475679192197958
892 0.08765055493688578
893 0.12096759672095914
894 -0.03593725478356191
895 0.06854658371008782
896 0.1576311539088806
897 0.3212976421077087
898 0.32977025999008447
899 0.042730318558483305
900 0.013284584096311391
901 -0.06999836841197293
902 0.26087140693078936
903 0.10594510980610039
904 0.052556963737515616
905 -0.03725653729588885
906 0.27343362596565157
907 0.3020596164816425
908 0.08510503802534686
909 -0.09548284351421898
910 -0.10900619919016208
911 0.10821774828406205
912 0.20597640031678566
913 0.08686528021490858
914 0.16445104664529708
915 0.21311508566549264
916 0.1852626914103439
917 0.11542857239186333
918 -0.0061658171852627675
919 0.24815812719839414
920 0.4870841276104443
921 0.3447375679591005
922 -0.010117320727488277
923 -0.05487998427463481
924 -0.029588839428242864
925 0.10676256929394867
926 0.22415433564134446
927 0.34453718041652337
928 0.34662506035942897
929 0.15515373697945734
930 0.02369400719192072
931 0.07979784806889256
932 0.29305543576799664
933 -0.020357691345623152
934 -0.11214897734623719
935 0.08790269331325362
936 0.1997385379400498
937 0.06253684782592472
938 -0.03177588365338124
939 -0.01894150002749484
940 0.14922538909110017
941 0.2450819923234917
942 0.05971516493264062
943 0.03010164235092816
944 0.020437808525116452
945 0.07985358796486253
946 0.15147958574254972
947 0.1554562424599908
948 0.08863058598353746
949 0.1183681978963591
950 0.21687740307822878
951 0.22205215627434427
952 0.3021421118756962
953 0.1877729227590521
954 -0.10133129795900686
955 -0.0028644940534263696
956 0.03495946797295346
957 0.21053135310273774
958 0.14632555371912304
959 0.16983038151045093
960 -0.1122293410705879
961 -0.3168143755399342
962 -0.28566810614563565
963 -0.14406403229520492
964 0.14268284207275883
965 0.19165731457314905
966 0.05255511217427511
967 -0.11450599934329375
968 -0.10346994700518053
969 0.0029803642968317945
970 0.2814656467035661
971 0.2853783404507908
972 -0.06935652650059865
973 -0.08858936313328059
974 0.034367393441470995
975 0.36684404826206674
976 0.19259010783753183
977 0.10524222583478604
978 0.0929065270574938
979 0.07806942798686123
980 -0.04999935502979724
981 -0.02893691660113973
982 -0.10199165962922052
983 0.057500595792134845
984 0.08057876440943801
985 0.26216818617473336
986 0.27708020982902326
987 0.10368505830842878
988 0.2123804451280762
989 0.23284769568266483
990 0.22706615421566312
991 0.010346466003170462
992 0.0031895774596932824
993 0.1442687202922457
994 0.07923349979432714
995 0.31329967660434477
996 0.223661742922161
997 -0.15869368583844334
998 -0.15022159054717577
999 0.20366964885033667
1000 0.16697692203257475
1001 -0.20857602592434432
1002 -0.2408062933836277
1003 -0.10924323827418903
1004 -0.05270219512777885
1005 0.047349993262514545
1006 -0.0037440666313841575
1007 0.1545461403161994
1008 0.28267374764442366
1009 0.2630446737748571
1010 -0.0059457752474259
1011 -0.11816898922961627
1012 0.024262959889654212
1013 0.07931735250184602
1014 0.12891176058963083
1015 0.1002701839151996
1016 0.032083255054317306
1017 -0.10091324114142708
1018 -0.027332222635266135
1019 0.23106170593126762
1020 0.2661075856835282
1021 0.0764431356913633
1022 -0.021988134260652714
1023 0.1459959771552235
1024 0.28210766771616136
1025 0.04375266508088771
1026 -0.14271816523660164
1027 -0.14901714516753373
1028 -0.1796930007041624
1029 -0.11808984794919297
1030 0.09351402925614138
1031 0.16923743611346254
1032 0.17663241167360866
1033 0.16710892291587243
1034 0.2809994488804932
1035 0.20931621412489676
1036 0.11522234315054902
1037 -0.0009256889503035381
1038 -0.02945026506739623
1039 0.031218287701108238
1040 0.017599700000403118
1041 0.08803236517491086
1042 0.14416745340435
1043 0.22914133062499786
1044 0.18703866875262065
1045 0.19280030853570906
1046 0.20612855486297121
1047 0.18352323315451713
1048 0.039143613772750996
1049 -0.08597703336704399
1050 -0.022657832625100127
1051 0.046844564107402675
1052 0.2028150165646707
1053 0.3260563231861511
1054 0.24115853148384758
1055 0.01687168112425752
1056 0.20081533039871147
1057 0.2287778212938747
1058 0.21322585209622957
1059 0.1061993071277243
1060 0.0860957764495538
1061 0.20144999570368327
1062 0.050990017199637805
1063 0.09908830975950877
1064 0.169133539709037
1065 0.20288757022990467
1066 0.23945688639810214
1067 0.2801080506590097
1068 0.28758121676105475
1069 0.1084770655313605
1070 0.03104586678131227
1071 0.07761034314546578
1072 0.23874540856058957
1073 0.32977218093628835
1074 0.1264325638758237
1075 -0.026514932135057734
1076 0.001647155021942126
1077 0.23762202686839373
1078 0.22981783629609254
1079 0.20065982147264094
1080 0.15970691513768998
1081 0.08095689158267305
1082 0.014460931972450908
1083 -0.07461893123553409
1084 0.09136886956883927
1085 0.23020943475523836
1086 0.35485629586742107
1087 0.24342477786962036
1088 0.15284830620930734
1089 0.09808710400062637
1090 0.11923515014819941
1091 0.1213573144884208
1092 0.2655326065313375
1093 0.19549318830735274
1094 0.0911032471389035
1095 -0.043153700367099646
1096 0.022800860662471223
1097 0.3831261721045962
1098 0.5848270775044853
1099 0.3158761416838729
1100 0.09396747710241016
1101 0.13701086113820793
1102 0.24624703743654663
1103 0.3852372307543419
1104 0.3563444376596294
1105 0.02696549700402784
1106 0.09158475089657259
1107 0.3489689966601759
1108 0.30504329716171696
1109 0.11096808760964905
1110 -0.07993009291675435
1111 0.010532678156778275
1112 0.04746663141003182
1113 0.10467928927511139
1114 0.22662674907212477
1115 0.39630431218802187
1116 0.27417932310942206
1117 0.021549791085249126
1118 0.17113396700000294
1119 0.1799529744597521
1120 0.2956731979837741
1121 0.28267245941384544
1122 0.27627859004093125
1123 0.3064725785558835
1124 0.37583726065247447
1125 0.3275145832055273
1126 0.25087897125615655
1127 0.1598220440400837
1128 0.12125972688136244
1129 0.05234166549632846
1130 0.08419906562363622
1131 0.36019000896942543
1132 0.2547268645817553
1133 0.15195603312713502
1134 0.15297337105204178
1135 0.06170780864573544
1136 0.009937749941570928
1137 0.13448629338432738
1138 0.1670778223537468
1139 0.08818746920178455
1140 0.14887756982955125
1141 0.4110018344265427
1142 0.3773855712399268
1143 0.04927777962234359
1144 0.04780200989500827
1145 0.16655090351417812
1146 0.2597024567808148
1147 0.11819971591944523
1148 -0.0372863683360265
1149 -0.05781465731138269
1150 0.07371731631712919
1151 0.2586857827313338
1152 0.44897453552601974
1153 0.42553225155381824
1154 0.053607116798104926
1155 -0.1629737042479178
1156 -0.03863456119836428
1157 0.2926352931740439
1158 0.28573560642331586
1159 0.29949735118304943
1160 0.22091288290124567
1161 0.24008202220591102
1162 0.23189562363324967
1163 0.22191270013627218
1164 0.11440602310130998
1165 0.24515750788503965
1166 0.26583097499957375
1167 0.12412499899619434
1168 -0.06057615522308879
1169 -0.04339404544276704
1170 0.19471470781786593
1171 0.4435117861496565
1172 0.2848588983040372
1173 0.07242193440811207
1174 -0.04516097300756883
1175 0.07780233341060239
1176 -0.11080311691108591
1177 -0.12475181418977854
1178 0.16745538617431066
1179 0.01768194936977352
1180 -0.004669054669591333
1181 -0.027998438572183204
1182 0.12457745328998726
1183 0.18281899541506164
1184 0.3878359629908914
1185 0.29205531893217085
1186 -0.00010970130887244522
1187 -0.06852180195812707
1188 -0.019829861619939493
1189 0.12518991026200865
1190 0.34360439771711526
1191 0.48690984311605234
1192 0.4231759372147508
1193 0.13825591730608267
1194 0.18078502483342618
1195 0.19816698310722813
1196 0.1321243601055926
1197 0.249855981819735
1198 0.2781247872928816
1199 0.183458162939246
1200 0.10892902804323512
1201 0.11328847590328905
1202 0.023007341410448134
1203 0.11218836467759274
1204 0.16770980401145152
1205 0.2825622276903914
1206 0.3297781014319412
1207 0.4940320897886181
1208 0.4185812258124315
1209 0.0821874584478337
1210 0.09686855506822667
1211 0.10928821911147679
1212 0.3253497718478684
1213 -0.022851270888395447
1214 0.09660181157499892
1215 -0.03138037991237752
1216 -0.11779147673553325
1217 0.06660595842743078
1218 0.042282124120959
1219 0.050561815082517114
1220 0.01732173114987745
1221 0.18352607797680776
1222 0.2552037171058714
1223 0.23594475073502963
1224 0.17312141250567947
1225 0.13405296882325501
1226 0.15471331899470897
1227 0.2312871807528154
1228 0.2537667195543918
1229 0.16424235363933803
1230 0.22010622476608432
1231 0.2846986341938873
1232 0.09005014905477537
1233 0.01738888294056551
1234 0.21784220669087517
1235 0.30247150668662925
1236 -0.0465549967935317
1237 -0.11016620071239913
1238 -0.011581969646272228
1239 0.06912976918414415
1240 0.20384427309591047
1241 0.3048125553024761
1242 0.17057442312136573
1243 0.21194653357855486
1244 0.2941099834991405
1245 0.319790069512635
1246 0.04797745664842523
1247 -0.2166984182279066
1248 -0.06455753626693195
1249 0.10872254171113127
1250 0.09552939861868026
1251 -0.06404192925981533
1252 -0.09571169369723975
1253 0.029231667714327614
1254 0.13791807752767227
1255 0.38964376758553954
1256 0.4064886169301758
1257 -0.0008541699469333253
1258 -1.0587698596235668
1259 -1.139673606383269
1260 -0.5093872414497014
1261 -0.47474244814321764
1262 -0.4060106793963314
1263 -0.30899691428788856
1264 -0.22316045631328052
1265 0.03245582622491838
1266 -0.04676153730616761
1267 -0.13176954729209456
1268 -0.189470697403749
1269 -0.10819869501881385
1270 -0.0026356935117064495
1271 -0.04944993122666119
1272 -0.21509398026068993
1273 -0.2879746107214487
1274 -0.07784571152564013
1275 -0.41440080890816944
1276 -0.5490278875003014
1277 -0.3746660094859635
1278 -0.20496620446266434
1279 -0.20852557143462036
1280 -0.1529881938046742
1281 -0.09341661973974169
1282 -0.06956724810771675
1283 0.03921986912138209
1284 -0.3423178412672314
1285 -0.3932062460513066
1286 -0.25632769162018576
1287 -0.2410130206451413
1288 -0.15188937248257162
1289 -0.002575695465566241
1290 -0.034426514575102374
1291 -0.11474159358937186
1292 -0.10882866439510508
1293 0.18326335765823387
1294 -0.014363264590315339
1295 -0.23062626734252945
1296 -0.1550613049693652
1297 -0.022022074018252624
1298 0.013116268667943132
1299 -0.0588151893401232
1300 0.01863503730726279
1301 0.07668718389817286
1302 0.10589866138946036
1303 0.006931232334920878
1304 -0.09635209185688609
1305 -0.14035312323500193
1306 -0.1312010183847292
1307 -0.010888066515917671
1308 0.3687535513440139
1309 0.5440138494899998
1310 0.05616320038484446
1311 -0.12041170158624936
1312 -0.27116199040438005
1313 0.007251141141011885
1314 0.16303549423889763
1315 0.22290657334394837
1316 0.08274337366424334
1317 0.3038933382180744
1318 0.3551451042842473
1319 0.03614257455353709
1320 -0.1313643868395502
1321 0.061044507554242955
1322 0.14712730773709382
1323 0.10733499289318615
1324 0.021386452262731837
1325 0.022148128432604608
1326 0.056219633236651134
1327 0.12164731603877499
1328 0.11646671241919648
1329 0.06049350848627455
1330 0.07465636546163523
1331 -0.012016685114872416
1332 -0.08172027724464215
1333 -0.12498871271247936
1334 -0.11373529325607024
1335 -0.037297207707979396
1336 -0.034524660012777986
1337 -0.002258955130855611
1338 0.010367633489522632
1339 0.008125517756297995
1340 -0.0881951565320378
1341 -0.30522881563092596
1342 -0.1842539728542647
1343 0.12970102379648552
1344 0.03651942646951056
1345 -0.24991257594570015
1346 -0.24139113677216528
1347 -0.15212513184621912
1348 0.029869008364983074
1349 -0.016288364434274172
1350 0.014390890186973593
1351 0.1456082512896728
1352 0.21464334560340603
1353 0.5156346115451811
1354 0.18705140256514596
1355 -0.15020983897164797
1356 0.042468033457680576
1357 0.1478462189623997
1358 0.1048169253068636
1359 0.134838978194864
1360 0.0973639910636166
1361 0.24710285150615618
1362 0.3459515500655357
1363 0.191272679959809
1364 -0.09285107805186499
1365 -0.1323050486040529
1366 0.0320739738894531
1367 0.019144544404412045
1368 0.06050381251981207
1369 0.3300468319122274
1370 0.12780597787070747
1371 -0.10515384946035056
1372 -0.004424057060077757
1373 0.1589750638906935
1374 0.14456854698471489
1375 0.21085088973063648
1376 0.45860851742003206
1377 0.24025148630147442
1378 -0.09010456897334507
1379 -0.12492242459944691
1380 -0.10541669886890759
1381 0.07084372028367625
1382 0.3174528752317656
1383 0.30446884489720105
1384 -0.07507998869039056
1385 -0.12051627619945293
1386 -0.052566744398006904
1387 -0.05182869067544971
1388 -0.015740827113859268
1389 0.08000986847866898
1390 0.20887827954140903
1391 0.08664788566676407
1392 -0.01876489399478487
1393 0.13687511697571608
1394 0.4279373874781527
1395 0.18313620224233773
1396 -0.06342057997238726
1397 -0.09590825945815595
1398 0.016365323996069492
1399 -0.040729640527558786
1400 -0.013270775903322374
1401 -0.1250336520373594
1402 0.017240782022383883
1403 0.07356479384526438
1404 0.08880136205112876
1405 -0.09186879737887921
1406 -0.08895592244459749
1407 -0.07921610844550742
1408 0.09896244039350677
1409 0.01468949712699441
1410 0.0480560012123874
1411 0.05210547075705563
1412 -0.0848658024380029
1413 -0.12195374906508505
1414 -0.09064378848387378
1415 -0.02013870508517357
1416 -0.13945089114412212
1417 -0.02710975878824229
1418 0.06296443361043202
1419 0.35349450939571625
1420 0.2708850303639565
1421 -0.07833104078122233
1422 -0.13857017545473127
1423 -0.017170810103039003
1424 0.0008808899811469928
1425 0.014023380931348584
1426 0.10000832753269151
1427 0.09081929977367054
1428 0.08899937310604855
1429 0.0359026723439797
1430 0.08437408332599716
1431 0.142436318065279
1432 0.16938226320036165
1433 0.010971249879048628
1434 -0.1603114182465788
1435 -0.22063250754297314
1436 0.17342226994298926
1437 0.17871396050662725
1438 -0.01767698116344718
1439 0.022162943053217532
1440 -0.0028636830637651656
1441 0.0291311441394555
1442 0.12089847241952612
1443 0.09882305609119157
1444 0.05730725269194181
1445 -0.03027545220504635
1446 0.01974064729898828
1447 0.013148592373624979
1448 0.27310007145763393
1449 0.22554337173932026
1450 -0.07997498968853733
1451 -0.11101816502775819
1452 -0.6054200874821163
1453 -0.7013684266430573
1454 -0.48089174018832637
1455 -0.3360208684153463
1456 -0.056856106523014205
1457 0.01365488848239238
1458 -0.04243157212937376
1459 -0.07607380056839474
1460 -0.008952706143986688
1461 0.18803472720730952
1462 0.15051566246017956
1463 -0.028444375801370825
1464 -0.12797697029236588
1465 -0.0893600494868565
1466 -0.05680198484611765
1467 -0.16311311796005157
1468 -0.16057053213518202
1469 -7.119826454982103e-05
1470 0.06974149210680025
1471 -0.0011997308552054164
1472 -0.07343793197088644
1473 0.0023197034253712445
1474 0.21846462643850373
1475 0.12123822440196363
1476 -0.2011569919974363
1477 -0.17423910591139702
1478 0.03579468821345699
1479 -0.11462792397679777
1480 -0.13544548146239777
1481 -0.11290554950653586
1482 0.00983717638791859
1483 0.03244431547932436
1484 0.11376978176133434
1485 -0.016957813401973
1486 -0.16628921076636516
1487 0.008960648617517109
1488 0.1931505497753392
1489 0.1944815626556533
1490 0.12504733854240158
1491 0.21552848768470767
1492 0.17506604666283465
1493 0.1439039740087651
1494 0.08372134732360337
1495 -0.06081477818412395
1496 -0.060129056168648276
1497 0.09835957297860887
1498 0.15023094235658618
1499 0.08153658892814519
1500 0.004639960055499159
1501 0.03292934039995998
1502 0.17070200070992314
1503 0.003070481485679011
1504 -0.12625743324991845
1505 -0.16476783137483153
1506 0.0012433404945682014
1507 0.03139156240865759
1508 0.07583451603034064
1509 0.14067628236199425
1510 0.15099496017069214
1511 0.17706228609375785
1512 0.028932634252726075
1513 0.05186449413122318
1514 0.09875496924559002
1515 0.024990271226897676
1516 0.015771249213003102
1517 0.0014617513417647388
1518 -0.05208743523940029
1519 0.1758679600905566
1520 0.1258866130910974
1521 -0.03808007717350392
1522 -0.008474740364249556
1523 0.07645453307844718
1524 0.09070431461447015
1525 0.10665824532838997
1526 0.01700432305369759
1527 -0.002748853331809187
1528 0.20698721531823594
1529 0.21746757200901357
1530 -0.07771694113068861
1531 -0.22799158435054778
1532 -0.08079685823196314
1533 0.08303261379080595
1534 0.07166249253066326
1535 0.03513545625656889
1536 0.007774838589512001
1537 0.023416228080179735
1538 -0.1087305071908986
1539 -0.10933308712452572
1540 0.008959015933896808
1541 -0.09495862648753928
1542 -0.07208511045126897
1543 -0.11908626933399091
1544 -0.10026915949731574
1545 0.06217897255692151
1546 -0.04265784502007364
1547 -0.15639959408395043
1548 -0.22203451767438764
1549 -0.015131290624537996
1550 0.26999709475171585
1551 0.15289812001611836
1552 -0.10375164218140753
1553 -0.20644562332762462
1554 -0.1189497244608333
1555 0.005946535986709023
1556 0.06458639338165995
1557 0.013443392436897739
1558 -0.10671022255610296
1559 -0.0803745539876104
1560 -0.11882618493439168
1561 -0.16112955205312574
1562 -0.19837532548962145
1563 -0.16574278080878457
1564 -0.0787899257949789
1565 -0.02196895575673352
1566 0.07969300619828346
1567 0.15714498641915498
1568 0.010060712779420555
1569 -0.17046287004978922
1570 -0.12257009792142526
1571 0.014056207835778878
1572 0.10842174832430373
1573 0.0305713688197784
1574 -0.14236630962784602
1575 -0.0027593512081693916
1576 0.11201606517283835
1577 0.16022044046633255
1578 0.1919860055817253
1579 0.00940122629282314
1580 -0.05593410426615719
1581 0.012638284251295318
1582 0.00023878591093762225
1583 0.15146688819692145
1584 -0.1574209742224184
1585 -0.16124777370680476
1586 0.16061574601360462
1587 0.3515742230608794
1588 0.03460146755566029
1589 -0.15448680468188059
1590 -0.08597506995664617
1591 -0.028092516023093594
1592 -0.11882340568109839
1593 -0.2056465784259558
1594 -0.23999650565491493
1595 -0.016601315367836378
1596 0.2202699132909629
1597 0.1496969449086123
1598 -0.20356326271991065
1599 -0.1751745944870322
1600 -0.5372785571498753
1601 -0.3127367023511738
1602 -0.16289720715462863
1603 -0.35204244888240055
1604 -0.33044190315320066
1605 -0.2730725857941252
1606 -0.09075924251197875
1607 -0.21713628157118592
1608 -0.19104466939205622
1609 0.02455132042018704
1610 0.08362937462499076
1611 0.014229633826062127
1612 -0.024261803868910192
1613 -0.02077343930443476
1614 -0.023269177426300303
1615 -0.09113305747956701
1616 -0.25183247992930546
1617 -0.19718831590324726
1618 -0.1214132061892883
1619 -0.20469867543693
1620 -0.03377074373332789
1621 0.11797872786388552
1622 0.05032734796157001
1623 -0.039026228003365304
1624 0.1343092984195664
1625 0.17991452086363324
1626 -0.16702685270433903
1627 -0.30717942532936604
1628 -0.2925283891822801
1629 -0.3033790242018881
1630 -0.009548216823134226
1631 -0.04260235421116931
1632 0.006319713473203592
1633 -0.13331160653001461
1634 -0.17776930450071404
1635 -0.27003455415854205
1636 -0.2205437305130431
1637 0.06088864752001655
1638 0.16743749634576943
1639 -0.12200024710062962
1640 -0.24766429679436897
1641 -0.5487329517034709
1642 -0.31708713206580796
1643 -0.04800756243929527
1644 -0.04227152815815316
1645 -0.17228450437414722
1646 -0.3307938827522321
1647 -0.2139176770504605
1648 0.027149864186469586
1649 -0.05701444613936246
1650 -0.2513155261108295
1651 -0.1688137177265503
1652 -0.06567815832812585
1653 -0.23866529054078
1654 -0.09871385661307386
1655 -0.02979867558326532
1656 0.15636667384609382
1657 0.3467708901930564
1658 0.21885460809238566
1659 -0.20994477276440193
1660 -0.3971702170392746
1661 -0.3047938734523541
1662 -0.30598529734680824
1663 -0.01603821806287442
1664 0.24347088392039495
1665 0.18716727039975467
1666 -0.19384133192687614
1667 -0.26371991221395774
1668 -0.18675988278670275
1669 0.12156855791511134
1670 0.20006845786008398
1671 -0.15810621931694868
1672 -0.15641391018533568
1673 -0.1890663371199821
1674 -0.018174992346018826
1675 -0.11581252876504777
1676 -0.2901258229634891
1677 -0.3453283508479785
1678 -0.29231113446513746
1679 -0.27147775073382263
1680 -0.11320664718181206
1681 0.008462875075963439
1682 0.1192426678842935
1683 0.02804143964334571
1684 -0.05977439124541206
1685 0.02583333262253973
1686 0.06327467524687336
1687 -0.011464616303726416
1688 0.13105256039443702
1689 0.032803385249110306
1690 -0.26449543671037645
1691 -0.29786576119556685
1692 -0.14393201252937615
1693 -0.06055481027078713
1694 0.15296114455452425
1695 -0.029740130842810686
1696 -0.41050004178163135
1697 -0.46461220797914393
1698 -0.29722302648889354
1699 -0.2048241946324083
1700 -0.15672191013311476
1701 -0.13428665240809323
1702 -0.010797714913792333
1703 -0.04570790473621855
1704 -0.11375548351827547
1705 -0.17332495480155785
1706 -0.10327938819460769
1707 -0.16586119907077546
1708 -0.18510419723463656
1709 -0.0664088237384135
1710 0.019957001737054725
1711 0.009601761971225642
1712 -0.05730565190344805
1713 -0.17394312679078894
1714 0.03424495275862682
1715 0.10158724716245615
1716 0.1979594257509234
1717 0.17301131779925072
1718 -0.09220255204758132
1719 -0.36994610085150725
1720 -0.2123952506952378
1721 -0.12597307218430842
1722 -0.050997728530830955
1723 0.01887475396733862
1724 -0.06779731833853475
1725 0.023790781027571484
1726 0.20869564605067126
1727 0.3324279891382389
1728 -0.14999611479032637
1729 -0.20493712649431473
1730 -0.12296291663653847
1731 0.14938950908418747
1732 0.1473130970392731
1733 -0.12791613144594294
1734 -0.2926133249880536
1735 -0.17310541881374775
1736 0.16703219842707995
1737 0.1956099380681735
1738 -0.003424080611921454
1739 -0.20659114816862711
1740 -0.05018685554568947
1741 -0.09167954643709209
1742 0.016830755292460253
1743 -0.02283091701832518
1744 -0.0346049511577462
1745 -0.11029338788944187
1746 -0.012738910544101145
1747 0.21221390019246655
1748 0.13136617976738307
1749 -0.18776319606155312
1750 -0.2573936704712878
1751 -0.10821217663465177
1752 0.13896762850214373
1753 0.23217041292201657
1754 -0.022139921425548437
1755 -0.19143394543669956
1756 -0.12645546278673692
1757 -0.025364233307072936
1758 0.06342987795477484
1759 0.06950047082267474
1760 0.15632705688108217
1761 -0.14317848933364985
1762 -0.5645865587269441
1763 -0.11087335535887632
1764 0.03952047583550211
1765 -0.28317728851232005
1766 -0.19960469512380996
1767 -0.07310123545073566
1768 0.16475713954355342
1769 0.17405274470246468
1770 -0.02442122596039553
1771 -0.1641157302475449
1772 0.02141485352746031
1773 0.22001610906266933
1774 0.1303328181779193
1775 -0.035577110562940106
1776 0.009715364783744462
1777 0.07343121429033772
1778 -0.07867109728891819
1779 -0.10325580964291703
1780 -0.11659655147872172
1781 -0.1320543003395187
1782 -0.10049826501409598
1783 -0.10863970502413167
1784 0.19949966249987483
1785 0.06253516294765404
1786 -0.04886888652919197
1787 -0.06251196739248144
1788 0.19278050938794422
1789 0.21751774572624072
1790 -0.11574426315650044
1791 -0.15603868903599505
1792 0.1087634577752965
1793 0.204261794498791
1794 -0.04101464853215475
1795 -0.26752857325266177
1796 -0.2674453378630801
1797 -0.07556214602982436
1798 0.07301398275052406
1799 0.1931473107626971
1800 -0.10957817766012568
1801 -0.14598116904988956
1802 0.02054380695534519
1803 0.10177546611396338
1804 0.13191174669731254
1805 -0.10026250906878431
1806 -0.12799486801759485
1807 -0.05016860694775005
1808 0.055446277281475886
1809 -0.2006369612064418
1810 -0.44059024149504467
1811 -0.5429060114132653
1812 -0.44436387071954186
1813 -0.22008802152294038
1814 -0.02621201223985281
1815 -0.6589464003476451
1816 -1.066719716952889
1817 -0.6289559475983992
1818 -0.3827323799932856
1819 -0.23458771904245168
1820 -0.12754975743422392
1821 -0.1256043674118814
1822 -0.1366550837357181
1823 -0.13971561416860823
1824 -0.043324402924042715
1825 0.09441605546231813
1826 0.14921994542220318
1827 0.050324435039613036
1828 -0.10956616664526564
1829 -0.05212476685898082
1830 -0.04630225571435176
1831 0.09752428896240417
1832 0.13289693763994137
1833 0.07331143034849674
1834 -0.048438671920109755
1835 -0.43451273525505485
1836 -0.26597281593888056
1837 -0.09837902521894648
1838 -0.11919769600103791
1839 -0.05906098064684784
1840 0.0438063953494634
1841 0.10014462615441744
1842 0.07735065710733124
1843 0.11015036432507941
1844 0.11666304596377586
1845 0.11924771126774658
1846 -0.20208914425637658
1847 -0.19105343930147
1848 -0.02821109816244416
1849 0.047067098331126545
1850 0.1300753819322722
1851 0.12061798630662679
1852 0.0237308961176268
1853 -0.03392158529760536
1854 -0.1474203422991991
1855 -0.1788194579323772
1856 -0.03644751626836751
1857 -0.040173666026305455
1858 0.12825340433147403
1859 0.3106293090946224
1860 0.3830233363670459
1861 0.17786251555992294
1862 0.0064738535573951594
1863 0.2273446132492154
1864 0.18048550500992633
1865 0.030757086631581387
1866 0.1407073874541993
1867 0.16475644393892708
1868 0.21725930295855278
1869 0.2760801788510321
1870 0.10652965283560434
1871 0.018938331402864605
1872 0.014839302595134995
1873 0.09533741627836889
1874 0.18159041700232592
1875 -0.02238347517368311
1876 0.05926355049001586
1877 0.03485126709256292
1878 0.05861664949691203
1879 0.15512206030246034
1880 0.26286491615968544
1881 0.03996734271572677
1882 -0.11438957939941474
1883 -0.3023303689806198
1884 -0.46757059857418426
1885 -0.1782572670896343
1886 0.043561125312066906
1887 -0.08955716196368257
1888 -0.1250683610371084
1889 -0.073112212375122
1890 -0.13409069542279894
1891 -0.229545632833549
1892 -0.11814734951809669
1893 -0.08321058755853983
1894 -0.07162953101061476
1895 -0.14689181390099293
1896 -0.17792023830895687
1897 -0.1535811624218013
1898 -0.13635975621190255
1899 -0.24341680316166503
1900 -0.28529407027752995
1901 -0.08282946491505072
1902 -0.02608076547556948
1903 -0.1930889135835514
1904 -0.2888079353546118
1905 -0.40271450517167295
1906 -0.29211259415473023
1907 -0.10178089744493946
1908 -0.09463608924397704
1909 -0.07830081094431307
1910 -0.10645309747468445
1911 -0.13001922786537534
1912 -0.025444835570851865
1913 0.06121790406194805
1914 0.017828726764776093
1915 -0.013348661616021218
1916 0.15713048772585125
1917 0.04476818113448644
1918 -0.026369404532374574
1919 -0.174700592823001
1920 -0.015263200460594817
1921 0.016433449191652016
1922 -0.0643529704287289
1923 0.21041991738951538
1924 0.2667513638274954
1925 0.10743011220012022
1926 -0.0035782622010174236
1927 0.11728464821152329
1928 0.32445899828161373
1929 0.15072138461619033
1930 -0.059975299375082614
1931 0.09190144176670856
1932 0.29372417097806647
1933 0.13191641873021354
1934 -0.0449295696477634
1935 0.04721328850638429
1936 0.08833707938327962
1937 0.11569265688342512
1938 0.10863714936277802
1939 0.12210926181950299
1940 0.23068747222799857
1941 0.45794091469309706
1942 0.1719703235326051
1943 -0.08137318880181965
1944 -0.08519304659546378
1945 -0.01350071887861759
1946 0.14396003431858162
1947 0.2633628363968228
1948 0.0814098141417503
1949 0.1795996872780279
1950 0.08684452892720174
1951 0.08908924056476053
1952 0.28623992377276863
1953 0.3986501307884396
1954 0.15025317114901782
1955 0.021866969014240567
1956 0.08818030700064128
1957 0.11788030916699199
1958 0.3026818502303854
1959 0.36865867900911553
1960 0.5072508772882429
1961 0.5024258086841655
1962 0.4264112073720412
1963 0.1613534752208352
1964 0.004448780848235856
1965 -0.04796291690564658
1966 0.12653250333579535
1967 0.1888795874995708
1968 0.2669019804761774
1969 0.3167331167958878
1970 0.10184613619298943
1971 0.05386126539701763
1972 0.17746841473643826
1973 0.22870686991120692
1974 0.12142737475363674
1975 0.12030232390230822
1976 0.27005527847182975
1977 0.40977507224988585
1978 0.32130173894637437
1979 0.1922851845284299
1980 0.37986677461299223
1981 0.5613054032675109
1982 0.4229135263285002
1983 0.2846940380791807
1984 0.2223336488935388
1985 0.2972497632609361
1986 0.3024952342697702
1987 0.46407322564493825
1988 0.5335774530797721
1989 0.4409496057415936
1990 0.4541572833426244
1991 0.4718186696565567
1992 0.3664519475709085
1993 0.25256458523051606
1994 0.09303941620737533
1995 0.1619034019113883
1996 0.4451750796889087
1997 0.40563287869957776
1998 0.34314876595726673
1999 0.6155923922694342
2000 0.7391443992704012
2001 0.5248406588208923
2002 0.6080772616643912
2003 0.5506679988911856
2004 0.6123016813191953
