850 0.1501279261181594
851 0.30115655575269784
852 0.4514516044573611
853 0.36701699143623046
854 0.200457713703031
855 0.18528075725026838
856 0.18708775494235397
857 0.004002535871904911
858 -0.12813650297948698
859 -0.025591085629116606
860 0.006635064987506212
861 -0.03910694848974572
862 0.07231703169998127
863 0.2885107325892591
864 0.3377676100167264
865 0.37205028557997366
866 -0.0023113057931141157
867 -0.054730820044369466
868 0.15813946291405045
869 0.23131775532539223
870 0.08112434640190713
871 -0.037748331666705326
872 0.0687592741470553
873 0.03446542635958849
874 -0.042695117253913395
875 -0.0942047315166974
876 -0.03925627447495117
877 0.003948610705833744
878 0.036849089945462765
879 -0.0331874847513518
880 -0.015064883846321209
881 0.08385584531896484
882 0.04792259149161282
883 0.11025435685252205
884 0.009298283158727827
885 0.16097188117885253
886 0.17961533284267261
887 0.1705699698121066
888 0.20451535948421906
889 0.2705635967964213
890 0.16330238513938866
891 0.10437797377659308
892 0.23998024318336775
893 0.27807257664983354
894 0.2902376274400922
895 0.34106566986497455
896 0.4324119453204389
897 0.3404830900532261
898 0.04145652720086446
899 -0.08933548327138396
900 0.02751329267954361
901 0.007867551878916856
902 0.0668452451837993
903 0.017084908640981666
904 0.030740677046708242
905 0.16671145146762
906 0.10969685149598263
907 0.12213050238506185
908 0.33255697336488765
909 0.22366508490108572
910 0.024493311749949953
911 0.055981360158227744
912 0.10419308961536444
913 0.06902288856412042
914 -0.004545935621308672
915 0.030409417010616835
916 0.016356698841775597
917 0.1784666593817974
918 0.07258096072746412
919 0.069516180850826
920 0.29878074340683725
921 0.15521088510587333
922 0.0017408225036774638
923 0.035055640970938384
924 0.28680353332543973
925 0.19672828967770783
926 0.1258103938685622
927 0.06766091260760732
928 0.019623056705995623
929 -0.08397755648616112
930 0.01680371833344907
931 0.030244313627406427
932 0.06037409223483792
933 -0.13613230809909282
934 -0.02149090767824191
935 0.07152237106265602
936 -0.10923389895543778
937 -0.13928570053008116
938 0.0783929970813233
939 0.05183358324291021
940 -0.1087836436755083
941 -0.11776352569262372
942 0.048482324179872194
943 0.207154548285871
944 0.30779755067544556
945 0.29469285258858235
946 0.29579788183963274
947 0.2777486567683809
948 0.21600387226408202
949 -0.004071267251617883
950 -0.05032780379815449
951 -0.06463295463879604
952 -0.1476154993746377
953 -0.0724244947955981
954 0.10283842728034642
955 -0.06671857805571335
956 -0.20944783031620773
957 -0.18257898812174744
958 -0.01503365111648236
959 0.07983784940910255
960 0.153395455942416
961 0.1990889306985082
962 -0.008748670855482032
963 -0.17005850864762806
964 0.05565063475046372
965 0.27846486780475743
966 0.059392858168564544
967 -0.05697735616081445
968 -0.14013767743114158
969 -0.1300578129954033
970 -0.10763167360374837
971 -0.07501976594517146
972 0.0183005521394648
973 0.20014273620449785
974 0.08234386770811852
975 -0.15469592068734528
976 -0.14659350718341102
977 0.0332372059951922
978 0.0815927042647786
979 0.3102838867436617
980 0.3788410046589661
981 0.14323734311159342
982 -0.05995376781459072
983 -0.04546116048834392
984 -0.050003183012165664
985 -0.09472683296883133
986 0.026507670658929783
987 0.11811629675941049
988 0.1319835883872429
989 -0.016004749113562866
990 -0.04932838115098548
991 0.04808014849874098
992 0.10396946940761609
993 0.04601963678641141
994 0.05506093520068589
995 0.09720710880714023
996 0.22804726255674268
997 0.03656435913984524
998 -0.19179966794064285
999 -0.2596925799614951
1000 -0.10512333290154174
1001 -0.16418888286466427
1002 -0.01931575985940981
1003 0.1094488956365467
1004 -0.007712108767350401
1005 -0.09758580358442259
1006 -0.045707642419870353
1007 0.27777064763211
1008 0.15805463620739602
1009 -0.2602801792414766
1010 -0.24189675874873728
1011 -0.11190723310426165
1012 0.1518667687128641
1013 0.16193229755390348
1014 0.01083193935073723
1015 -0.05529197767276628
1016 -0.0076135925938842774
1017 0.09168318816563215
1018 0.0888858099995673
1019 0.04158208484761872
1020 0.07286556038405934
1021 0.22429618951537122
1022 0.27166903840344503
1023 0.2822580177104328
1024 0.0384141730513079
1025 -0.017514658307618447
1026 0.01055027712067158
1027 0.19423637635185287
1028 0.19483955938625286
1029 -0.04878496787620179
1030 -0.15208941160119593
1031 0.09800354287625623
1032 0.1487365519920445
1033 0.014759311635373251
1034 0.0692249988805429
1035 0.3088664242295067
1036 0.29460928040373346
1037 0.04985491214728199
1038 0.02964962339427757
1039 0.20537854428113178
1040 0.17132877908522914
1041 0.07425287378509893
1042 0.05718301940635229
1043 0.0970639917274525
1044 0.13264645989733026
1045 0.16313885398000139
1046 0.1526622500447843
1047 0.16532327378638456
1048 0.2689886893563198
1049 0.3520435229359009
1050 0.28221906186757906
1051 0.06941048481166945
1052 0.08427942307349667
1053 0.06283605493302957
1054 0.13891237898866393
1055 0.1661152963731638
1056 0.14867984623185748
1057 0.17056350351225547
1058 0.4744255062321372
1059 0.30846337827654224
1060 -0.012233147823508261
1061 -0.07381949292516765
1062 -0.027937544110841372
1063 -0.05579355290097965
1064 0.025745308470391137
1065 0.27605347961969073
1066 0.46688904860064895
1067 0.42293343431936137
1068 0.03864806085550754
1069 0.010517036401211044
1070 0.11762179514175841
1071 0.35826908438468763
1072 0.19535460185375086
1073 0.018868407590218794
1074 -0.03731664172971705
1075 0.07742162787945972
1076 0.21293817664366088
1077 0.09574519572748841
1078 0.10344481163190267
1079 0.259776980707386
1080 0.21837585184385944
1081 -0.2232233118552358
1082 -0.30383341128157326
1083 -0.19478306258793054
1084 -0.10925995222180518
1085 0.1482349009906443
1086 0.21974634052702413
1087 0.29410884769987433
1088 -0.025285398106404955
1089 -0.11799052021666512
1090 -0.10978126272578947
1091 0.20305764348455568
1092 0.5428824683258995
1093 0.3186565461938926
1094 -0.0703030987392026
1095 -0.21788362712277376
1096 -0.04741407975296852
1097 -0.0011393337896947742
1098 0.13649445590988307
1099 0.1072960797002338
1100 0.11789288661697128
1101 0.10069816416938693
1102 0.08237876963920598
1103 0.14055970371231297
1104 0.26574132953396656
1105 0.1993227573187255
1106 0.12679344766308986
1107 0.20590671064064736
1108 0.285121573811125
1109 0.32201713212526784
1110 0.022209445520729787
1111 -0.13103999979477976
1112 -0.08460835513449183
1113 0.017172622966711515
1114 0.0055810495885566525
1115 0.10573257973061345
1116 0.2686553807354244
1117 0.3556071367909226
1118 -0.05282651841076813
1119 -0.20525815397871838
1120 -0.10775031218491904
1121 -0.045735454793032204
1122 0.15878380659756886
1123 0.19875747463839843
1124 -0.14383387031580241
1125 -0.031524526860152946
1126 0.03232164782758673
1127 0.02684903760331281
1128 -0.014132086630581853
1129 -0.011365941300368831
1130 0.013899186587423173
1131 0.2040625410391499
1132 0.34021923787071273
1133 0.25772574213885946
1134 -0.1030546236435157
1135 -0.1297305760627978
1136 -0.02349595003761351
1137 0.04517132591809059
1138 0.037916271944993696
1139 -0.06910687337222043
1140 0.11324170508589759
1141 0.2773850174201016
1142 0.41340084122452936
1143 0.12074481288590277
1144 0.008817220863534203
1145 0.24559761503843447
1146 0.2411694496188943
1147 0.15497579957821017
1148 0.0011790647375846675
1149 0.09332720799727667
1150 0.2156300396703159
1151 0.30695154163822735
1152 0.0063784316146211495
1153 0.04844986764680925
1154 0.14256710415997986
1155 0.38997955955028374
1156 0.2801553873572402
1157 -0.0170727702293334
1158 -0.23633344989724492
1159 -0.18189633914875003
1160 -0.04641800934132334
1161 0.005364033814430513
1162 0.011014363489323387
1163 0.294286514095802
1164 0.3475732620125882
1165 0.38147721836639903
1166 0.17211039159195707
1167 0.10034907327957399
1168 0.18084605129104148
1169 0.19866032763837893
1170 0.07203701137615326
1171 0.16487404135074257
1172 0.30446294589569334
1173 0.4283862366060589
1174 0.11654063366461287
1175 -0.09011885240801121
1176 -0.29292981330280554
1177 -0.20222489257486131
1178 0.06556826616059652
1179 0.05582884630246099
1180 0.21945642753127004
1181 0.19862783664206063
1182 0.08922313398284132
1183 -0.09952439811365821
1184 -0.1620701402754321
1185 -0.10881594775139547
1186 0.07489517019484992
1187 0.022285569160601426
1188 -0.05768566608907122
1189 0.08397082266731104
1190 0.18076736552183092
1191 0.17585221486098135
1192 0.15572963602716072
1193 0.0698669378506338
1194 -0.07572689946658784
1195 -0.059081944115007445
1196 -0.03195976825242042
1197 -0.01097779386611819
1198 -0.019207655104139576
1199 0.10492123620417715
1200 0.11065297944907115
1201 0.20444527461000916
1202 0.1222144851755047
1203 0.013953720149686433
1204 0.0212828353451755
1205 0.04004692730757142
1206 0.12953817494326358
1207 0.142051077916733
1208 0.17810667499628607
1209 0.010844327186305236
1210 0.07945599558416916
1211 0.12569950860660128
1212 0.29420583695792857
1213 -0.06680594146774865
1214 -0.27125551661703184
1215 -0.12468030830268617
1216 -0.06689418440612371
1217 -0.057667792702659426
1218 0.05220731089269748
1219 0.15922058899593594
1220 0.1253340521830637
1221 0.07833507774154214
1222 0.27718972799380026
1223 0.2763237294927876
1224 0.011091363777723018
1225 0.05894368198863731
1226 0.1689210382348847
1227 0.045709314755868036
1228 0.037908473247114216
1229 -0.04678073537354521
1230 0.05720065351061976
1231 0.2509327416794349
1232 0.15711833264350616
1233 0.20807899740611902
1234 0.11175263100511756
1235 -0.053297791539534956
1236 -0.07397635018941173
1237 0.0658720860867561
1238 0.16479194411073195
1239 0.2025817232248528
1240 0.22242299539163923
1241 0.3349985095670718
1242 0.1747515959291377
1243 0.11249902420172475
1244 0.13021225098555078
1245 0.2669295401170757
1246 0.23630471915737417
1247 0.27153897362518364
1248 0.17265621347826254
1249 -0.07159903975195903
1250 -0.09712512742305535
1251 0.2379904279801508
1252 0.2138668436222133
1253 0.09035223607793341
1254 0.20280765396086053
1255 0.3470130810569003
1256 0.14775914556446423
1257 -0.26178991555980247
1258 -1.190508785377915
1259 -1.2880402948616165
1260 -0.6134150803450211
1261 -0.5239805856771795
1262 -0.3441099996488788
1263 -0.166455405918839
1264 -0.03213820427487235
1265 -0.13588290492771193
1266 -0.18980012583926964
1267 -0.05505115094786106
1268 -0.010469025383883945
1269 0.07215646509524731
1270 0.019036972782316752
1271 -0.14527254859427785
1272 -0.058686505737625794
1273 -0.027109258715029227
1274 -0.07111951618736612
1275 -0.2658250190280569
1276 -0.23858292211826893
1277 -0.2847409342119249
1278 -0.29548558390683866
1279 -0.0653104728999665
1280 0.162967951489577
1281 0.10832667531769857
1282 -0.03428859603377532
1283 -0.011275620214576065
1284 -0.5029360524976596
1285 -0.5568372831158399
1286 -0.2842973349494855
1287 -0.12347776227488794
1288 -0.006079887023929587
1289 -0.012481494542555538
1290 -0.13049277778912938
1291 -0.2757072323377656
1292 -0.13487170704951268
1293 -0.001389354636387452
1294 -0.022867817064195606
1295 -0.12229519815906542
1296 -0.05822804709760021
1297 -0.07894953232749913
1298 -0.14406375268322336
1299 -0.2267593088371882
1300 -0.08638212294528103
1301 -0.056409906648582364
1302 0.06597005764740516
1303 0.2188028082707092
1304 0.14520998831216048
1305 -0.1769786435070273
1306 -0.12467803428825164
1307 -0.10893610844135537
1308 -0.036239220069660405
1309 0.16892562587599969
1310 0.19895602917011956
1311 0.2987373517760261
1312 0.09807295532954186
1313 -0.22552469427080268
1314 -0.17217447228392757
1315 -0.04209082690164223
1316 0.08377311116083774
1317 0.2756873805060991
1318 0.3082023110877117
1319 0.1352054133682259
1320 0.037454016063577455
1321 0.051219481721147986
1322 -0.044584461014494536
1323 -0.010235593204413362
1324 0.09760384790610033
1325 0.06542581745395637
1326 0.047022537194209235
1327 0.17137825432024556
1328 0.09316906395048363
1329 0.009336339081698952
1330 0.11342965251083115
1331 0.10471601787060081
1332 -0.045099883496163784
1333 -0.10719065440986242
1334 0.03884877833633027
1335 -0.06244888245066704
1336 -0.12441752863793454
1337 0.10056541697895227
1338 0.2567440352480048
1339 0.10440243305180275
1340 -0.05854343134279816
1341 -0.32694989184676615
1342 -0.17695785731979186
1343 -0.2401771874559131
1344 -0.21801309342197328
1345 -0.06141040782262053
1346 0.2623725497297187
1347 0.21252762467696584
1348 -0.06804329741180482
1349 -0.20256077061861788
1350 -0.202662447186583
1351 0.13299834500674024
1352 0.20997236978070077
1353 0.2715791977759068
1354 0.23032012650946854
1355 0.04600455892904165
1356 -0.10781888378744497
1357 -0.15020431320112948
1358 -0.035055125668293385
1359 -0.004831076973971449
1360 -0.09366489116712273
1361 0.05144227260950629
1362 0.18141251524798463
1363 0.19024327061276836
1364 0.11676774806608137
1365 0.10776414145311719
1366 -0.0607228351382787
1367 -0.11224860763900324
1368 -0.058283329926780425
1369 0.15027672941846504
1370 0.06373516648062605
1371 0.016979407568442184
1372 -0.18801523192439618
1373 -0.184872619373607
1374 0.06027469103406702
1375 0.2523244214073088
1376 0.18169067504879877
1377 0.00113190739887159
1378 -0.056381014456576395
1379 0.14040912539559258
1380 0.07333357634070126
1381 -0.05063194278307037
1382 -0.04703362403330402
1383 -0.051327218330470714
1384 -0.009503355351625942
1385 -0.02402477994706942
1386 -0.03091019193561806
1387 0.01402801811173049
1388 -0.005916132082631975
1389 -0.05838710416111326
1390 -0.007723026731241589
1391 0.18942708547831444
1392 0.049268745527626834
1393 -0.1846075677787553
1394 -0.1434739294736005
1395 -0.02697486181483555
1396 0.1038448023613796
1397 0.2668918656286223
1398 0.10877009839231278
1399 -0.15850295254813318
1400 -0.06923106626510389
1401 -0.07328113910642742
1402 -0.058253693640267556
1403 -0.04608286680496576
1404 0.06692371378909456
1405 0.1296599769165141
1406 0.22517483615206402
1407 0.19427171624943185
1408 0.3589540148878996
1409 0.3064798989465771
1410 0.17203759048697975
1411 -0.03175146217438396
1412 0.06602647600715272
1413 0.20506694658854485
1414 0.3027526333699484
1415 0.05278918742538963
1416 -0.29837643270053604
1417 -0.2711267060514615
1418 -0.10516059710153058
1419 -0.03802198589056616
1420 0.030094831612018424
1421 0.22311113835479546
1422 -0.1127255317776985
1423 -0.2514898423726777
1424 -0.14654350449035292
1425 -0.06235244347982416
1426 -0.08012958472846776
1427 -0.0639232324652994
1428 -0.0711848557929784
1429 0.10280979097933596
1430 0.2876740247434668
1431 0.03307622479638894
1432 -0.10829188771469944
1433 -0.14347005744673424
1434 -0.047562134958297975
1435 -0.010145977571710318
1436 0.010255666227010352
1437 0.1740096952655108
1438 -0.06825785430203268
1439 -0.24347969516003332
1440 -0.12466156574083698
1441 0.029755249449522125
1442 0.21353291765018412
1443 0.24044361584100216
1444 0.1905765852274044
1445 -0.11386635622113772
1446 -0.26019206023352126
1447 0.050693430134799655
1448 0.17686949513876016
1449 0.1334748144115565
1450 -0.05870955846614834
1451 -0.15958658976478546
1452 -0.9663194789779368
1453 -0.8039616433407559
1454 -0.5435740991084685
1455 -0.4872314812183163
1456 -0.3932868888092571
1457 -0.14081738829264623
1458 0.16783003155848064
1459 -0.05450311491154025
1460 -0.35894071174828923
1461 -0.382889167064036
1462 -0.06153831310547275
1463 0.08779608386004156
1464 -0.11400143627707848
1465 -0.16397618304557682
1466 -0.040946220020600776
1467 -0.06823252897322618
1468 -0.32466436992660874
1469 -0.15060412191837713
1470 -0.10015569888281561
1471 -0.050301769402153695
1472 -0.16974073576284354
1473 -0.14527436060069476
1474 -0.12390364946463706
1475 -0.12909180106947815
1476 -0.13200234245692855
1477 -0.07873593631444464
1478 -0.035543877178326966
1479 -0.036116140816204734
1480 0.011186912798450521
1481 -0.11340033313297226
1482 -0.01847424618728155
1483 -0.040826367744102754
1484 -0.28851846797311964
1485 -0.059583156836367834
1486 0.10514004376881303
1487 0.0075705185815877485
1488 0.006504304706083985
1489 0.08051061999367448
1490 -0.0032776212452745312
1491 -0.13210479932416774
1492 -0.18813148245965294
1493 0.12112516723857425
1494 0.2640581202844601
1495 0.09188499184796228
1496 -0.19142978345053052
1497 -0.2017883151117985
1498 -0.13747283514487663
1499 -0.07379604024907849
1500 0.055283825086917204
1501 0.10990088914155649
1502 0.046920565444850126
1503 0.24642839640949887
1504 0.1638755200514197
1505 -0.10354863564560901
1506 -0.16983800695271611
1507 -0.10089332461433287
1508 0.04351983610598609
1509 0.32419766239047476
1510 0.2223175970341913
1511 -0.17200253734233684
1512 -0.14994671887933464
1513 0.07647855693056727
1514 0.02784606782705623
1515 0.03683472255573861
1516 0.10471132788967452
1517 -0.029436200952773106
1518 -0.035253079571589296
1519 0.08079468762895203
1520 -0.011821569981691482
1521 -0.04734930071782628
1522 -0.04928092220876579
1523 -0.06500261266461393
1524 -0.022194422026132088
1525 -0.008325590383037706
1526 -0.028029526530133353
1527 -0.08559158680265
1528 0.14684020921356478
1529 0.15870023515645926
1530 0.04583525245271858
1531 0.1155061100050716
1532 0.017222434587722546
1533 -0.09416929053139711
1534 -0.1088144579478012
1535 -0.10541154697796173
1536 -0.07781588291118169
1537 0.14840888582267553
1538 0.27294857504313086
1539 0.19685730535258017
1540 -0.02890856685843346
1541 -0.1729676247447287
1542 -0.031333045858616515
1543 0.1772485637389991
1544 0.12044157764921692
1545 0.04491098595934773
1546 0.004426233878632502
1547 0.009136826160158762
1548 0.060206450143880375
1549 0.019613135200074794
1550 -0.08433636655826149
1551 -0.1540211821463231
1552 -0.1284972757020455
1553 0.07124691947848305
1554 0.40855834420239034
1555 0.14394616523617287
1556 -0.1562555272448094
1557 -0.044304118165371165
1558 -0.035124379172941644
1559 0.01852305815401678
1560 0.055679147869739154
1561 0.05093339192495705
1562 0.09872682054071902
1563 -0.1428474245207667
1564 -0.06576903727608396
1565 0.06794541571639456
1566 0.12936695785913344
1567 0.10581745424616429
1568 -0.0866748631901828
1569 -0.010028067590496903
1570 -0.12234791925146737
1571 -0.004783131560998299
1572 0.001936321094945015
1573 0.025998728607135035
1574 0.17235066363866736
1575 0.31439496571971404
1576 -0.21750040843198803
1577 -0.3022893253236134
1578 -0.14878274592223306
1579 -0.15658470022572146
1580 0.06566648963570287
1581 0.006992499826196763
1582 -0.1181311449508371
1583 -0.0997434041448173
1584 -0.015774942118923718
1585 0.01710854476118584
1586 -0.22780139553316303
1587 -0.22741095247778276
1588 -0.14601146958335676
1589 -0.018662374930443093
1590 -0.03266992588402218
1591 -0.12654353515233652
1592 -0.12497117129720436
1593 -0.027475404594326847
1594 -0.0008117336466852976
1595 -0.14684399860885833
1596 0.017585466518596604
1597 0.18705377283669122
1598 0.10638067287169406
1599 -0.07755306691802843
1600 -0.5733058606141412
1601 -0.24056418260579449
1602 -0.2731034598269275
1603 -0.33188568784919426
1604 -0.3761570972315553
1605 -0.26285448487828944
1606 -0.18569942002881135
1607 -0.1947150846226009
1608 -0.1629215009053837
1609 -0.024232206900592246
1610 0.2442071575539444
1611 0.11948956449742809
1612 -0.19832795828779126
1613 -0.11702289199746474
1614 0.029763316962203135
1615 0.03187605631171664
1616 0.09781631594341889
1617 -0.046166109635123576
1618 -0.144308959541263
1619 -0.2604879717183053
1620 -0.025530123449414077
1621 -0.03705827548748175
1622 -0.20924258175921295
1623 -0.19406213551218343
1624 -0.055958716161569555
1625 -0.07730987604401207
1626 0.2132982719755887
1627 0.15778793100167832
1628 -0.028877520125604406
1629 -0.16239876178258328
1630 -0.07891015946506741
1631 -0.11397136624185578
1632 -0.054722212850151664
1633 -0.18829506346719427
1634 -0.21534722640768678
1635 -0.008740469814199514
1636 0.37839596374465145
1637 0.283693694837325
1638 -0.02839088147908342
1639 -0.14386278437973488
1640 -0.06200162146171806
1641 -0.4780806268167339
1642 -0.4481956777004257
1643 -0.2623504692647316
1644 -0.1992894417880393
1645 -0.06258534655040648
1646 -0.04466257913463778
1647 0.010579537295029695
1648 0.049343964986178435
1649 -0.03281615416750583
1650 0.11078224836757045
1651 0.016616103722242315
1652 0.010241601539689782
1653 0.00472555687338172
1654 0.14708973045634366
1655 0.18999753663064212
1656 -0.028845049298354297
1657 -0.07816326270847185
1658 -0.10256078348328401
1659 -0.041549720178011285
1660 -0.1015265437001176
1661 -0.19185570567520926
1662 -0.1382058584674155
1663 0.011684893600147461
1664 0.13122593823510442
1665 0.10363644082167411
1666 -0.027195525515821828
1667 -0.053145418634358066
1668 0.1902099589189561
1669 0.07087117548456945
1670 -0.051046148000011726
1671 -0.03211718452371315
1672 0.09157887382667695
1673 -0.11344220948438988
1674 -0.16889369066080917
1675 -0.14732470268222642
1676 -0.06206291537432662
1677 -0.12185690840050256
1678 -0.0731801977909754
1679 -0.21522987753354528
1680 -0.2050641466759089
1681 -0.12477709286520167
1682 0.04628952897991212
1683 0.08529979290557321
1684 -0.032644607873351106
1685 -0.10940312468841284
1686 0.14392396103477267
1687 0.07847109906504102
1688 -0.19202190013606923
1689 -0.25467964338196225
1690 -0.17155894022533857
1691 -0.11736821949875775
1692 -0.04451480986193701
1693 -0.10966702175272758
1694 -0.24826813255668867
1695 -0.253261658897884
1696 -0.15989121740472
1697 -0.2252674724144299
1698 -0.18801047705017027
1699 -0.1327979824301906
1700 -0.051527419528497376
1701 0.12404213120908025
1702 0.08688231231570853
1703 -0.19792176909078307
1704 -0.25318963709406717
1705 -0.2766590020978583
1706 -0.05855209050707799
1707 -0.07108907456449742
1708 -0.08068666996399543
1709 -0.0375165124461887
1710 0.04762954624379745
1711 0.02438297706260073
1712 0.09217643514358542
1713 0.03372737385478786
1714 -0.11150484657827064
1715 -0.08176387137746133
1716 0.20641241590141135
1717 0.14218255805690205
1718 -0.10085388241901683
1719 -0.4052698945765201
1720 -0.2793764205332536
1721 -0.060664939747937296
1722 -0.12303628064563554
1723 -0.2510087384089843
1724 -0.14769777564725928
1725 0.04864598842959822
1726 0.13618270979617364
1727 -0.1656633092744073
1728 -0.1531746351892025
1729 -0.21740340818035975
1730 -0.3885345598847607
1731 -0.23258248498751755
1732 -0.005304519233334304
1733 0.3984751515626499
1734 0.18848910496768667
1735 -0.02899299616689177
1736 -0.10442967100681244
1737 -0.07876504774571913
1738 0.07560160337811794
1739 0.05261540398322495
1740 -0.0797260225433547
1741 -0.0809155223801099
1742 -0.12188768591869348
1743 -0.019965454337807387
1744 0.06763609360382361
1745 -0.07544480423246114
1746 -0.04303684269399355
1747 -0.02414989662474909
1748 0.05091400775626198
1749 0.10160700686299151
1750 0.20098991529732757
1751 -0.011055364855735661
1752 -0.09279795017835113
1753 -0.20831600776460846
1754 -0.1544141210420662
1755 -0.12119577401665538
1756 -0.26323990489760263
1757 -0.13126061887618334
1758 -0.13075706449234303
1759 0.025170140908358007
1760 0.03777069511448872
1761 -0.25846619177082175
1762 -0.669874929405978
1763 -0.3947481580942167
1764 -0.31672619410272773
1765 -0.2759421333907426
1766 -0.18755503387160388
1767 -0.17419618103070889
1768 -0.146438597645556
1769 -0.029092385314129388
1770 0.07710373776927781
1771 0.0761549064559972
1772 0.00991945337375455
1773 -0.08790319157844806
1774 -0.1409769848909832
1775 -0.15238603359944136
1776 -0.13482538779476272
1777 0.1410864826384568
1778 0.17968712369247442
1779 -0.03175357262955458
1780 -0.17003955805301985
1781 -0.047550218189257976
1782 0.19323064022836434
1783 0.23380208840029582
1784 -0.24468492238236195
1785 -0.3338457295208741
1786 -0.2569912875302407
1787 0.0678943081856005
1788 0.10708097281707296
1789 0.09552203629709766
1790 0.012793888417093058
1791 -0.038253930265170766
1792 0.20392580637286528
1793 0.0390358325220177
1794 -0.3846694998849216
1795 -0.30231681544597677
1796 -0.11036237701250684
1797 -0.10271341199955941
1798 -0.02752995681549919
1799 -0.05333603864971792
1800 -0.05545253609290057
1801 0.14819975068127178
1802 0.3287934062822728
1803 0.29896718110433085
1804 -0.16843079429952468
1805 -0.23303888755663138
1806 -0.045791001011252774
1807 0.09962803673658982
1808 0.07450814275767925
1809 -0.29301349323901604
1810 -0.18310925783475795
1811 -0.03245987184760679
1812 -0.1571400429858727
1813 -0.29095135523988347
1814 -0.2576072685287727
1815 -0.7069023310169769
1816 -0.5927207612598409
1817 -0.05783450884200647
1818 -0.08006841346644933
1819 -0.32969675605789917
1820 -0.4873821946845851
1821 -0.35088218944599703
1822 -0.1858000124275918
1823 0.04879361925640069
1824 0.08570290129705427
1825 -0.12214925008402133
1826 -0.22191500725102742
1827 -0.27295695625196004
1828 -0.10871099260822348
1829 0.15260481984762464
1830 0.24962262505272292
1831 0.06723461018930266
1832 -0.192011177753443
1833 -0.053637807015149974
1834 0.02020515468495887
1835 -0.30083410211534556
1836 -0.18415127439908474
1837 -0.09264208380051286
1838 -0.035186846590193
1839 -0.03797036584137459
1840 0.06663023042665372
1841 0.15850528590215163
1842 -0.08188587000842062
1843 -0.18214812997189256
1844 -0.027123818462314375
1845 0.10373911578761863
1846 0.11393611366486311
1847 0.04879085741504241
1848 0.04676934312658432
1849 -0.06301254479450336
1850 -0.09806475348813137
1851 0.15846100618017545
1852 0.25529484682135717
1853 0.11573643515072263
1854 -0.00402263465082342
1855 0.08709776979071648
1856 0.06466259094247562
1857 0.06765670171103011
1858 0.1397313866190757
1859 0.21355503253778352
1860 0.17066689236867205
1861 -0.03249094147076903
1862 -0.1100197545639503
1863 0.013500964657168879
1864 0.15210153558120965
1865 0.15912439728037953
1866 0.10565195881719092
1867 0.1496875588183002
1868 0.01841655794913777
1869 -0.11501933183103574
1870 -0.07548895715393655
1871 0.22139979713819002
1872 0.20423525393226782
1873 -0.0758925722812478
1874 -0.21137253393584388
1875 -0.20594625981715353
1876 -0.14333842871189972
1877 0.0025346434738935386
1878 -0.08074634719775986
1879 0.03525554417274179
1880 0.07512977705613366
1881 0.13110340132493548
1882 0.18825377341659078
1883 -0.1062277450515694
1884 -0.4663949099850129
1885 -0.31459469947247953
1886 -0.17993990009256322
1887 -0.18000143349269138
1888 -0.13774971736745556
1889 -0.13829333805296073
1890 -0.20326651432503695
1891 -0.158826103148499
1892 -0.04809561644759697
1893 0.043362274572984916
1894 -0.08348475352886453
1895 -0.15100098362967174
1896 0.0012829193451580068
1897 0.06414615234029952
1898 0.20316193122289405
1899 0.2644376048544359
1900 0.014629521619156094
1901 -0.11593107634968192
1902 -0.13771684575635845
1903 -0.21638093774913614
1904 -0.1417449180072481
1905 -0.15423738374755658
1906 -0.1837583357884114
1907 -0.21679918151892252
1908 -0.12937062947690947
1909 -0.21191441469255778
1910 -0.005322654513747693
1911 -0.0025575397316401904
1912 -0.12260964508158168
1913 -0.25994354195762526
1914 -0.1455994576678563
1915 -0.0013138795670215586
1916 -0.05833641796732536
1917 -0.004963149038417214
1918 0.15913618251767048
1919 0.156722576762661
1920 0.15420370654754834
1921 0.09260606746215672
1922 0.043677061467008116
1923 0.1273226458283716
1924 0.22368323039415827
1925 0.24694320985832974
1926 0.3640678993882034
1927 0.3432815983211981
1928 0.23355058736495948
1929 0.03567892881926582
1930 -0.07608870984273608
1931 -0.011986702856290776
1932 0.33362396189113497
1933 0.11954546851751502
1934 -0.0686427132959011
1935 -0.06967029850511608
1936 0.10631367430158889
1937 0.12577235908634066
1938 0.1739402369088907
1939 0.3404622144678342
1940 0.2659881966661146
1941 0.00447717617652188
1942 0.15486687809448085
1943 0.2857503153129528
1944 0.08238108722684956
1945 -0.02716252211490655
1946 0.09422733341727962
1947 0.1950151529117079
1948 0.286310370480237
1949 0.11743212085701771
1950 -0.00584226604360083
1951 0.054823695487471014
1952 0.33168019735381904
1953 0.3070742488299629
1954 0.07648275125626469
1955 0.13477309974547325
1956 0.33964654488562473
1957 0.4541181329370829
1958 0.3468738699144751
1959 0.2593012823546701
1960 0.15304534294881478
1961 0.051050835080502566
1962 0.14493243936743738
1963 -0.03446935220699743
1964 -0.07250655534249972
1965 -0.015032599014602965
1966 -0.048443787277619776
1967 0.15561239693948892
1968 0.04599295261186853
1969 -0.026897649940735846
1970 -0.041145793214695914
1971 -0.010531923487462791
1972 0.06362556920259976
1973 0.16481266347756218
1974 0.44111173793947955
1975 0.30030485586928535
1976 0.05766977960092845
1977 0.05933647693865396
1978 0.27563704423272384
1979 0.30597480290157364
1980 0.24054381366482858
1981 0.19610937684791452
1982 0.10940903984544548
1983 0.17171151791211514
1984 0.4103956260802306
1985 0.28403232420708946
1986 0.2689866723246723
1987 0.3362988334780539
1988 0.4672587625917686
1989 0.3063787436227017
1990 0.2303931421561174
1991 0.25279006096866397
1992 0.02793599311860362
1993 0.0017806634684234268
1994 0.15668084891365197
1995 0.48762934538473246
1996 0.6695766508432826
1997 0.6067346578696515
1998 0.2753456353234469
1999 0.2840743955707694
2000 0.45844664615657393
2001 0.6812327786500987
2002 0.5332844161433172
2003 0.40895234730243146
2004 0.38389064010652874
