850 0.32167146897305254
851 0.3780896366651819
852 0.4098567454658183
853 0.20134893179894842
854 -0.1583619039149352
855 -0.28830696090832764
856 -0.22196137958891715
857 -0.062296065481943434
858 0.06713627251903798
859 0.12339834177456221
860 0.11856936845512844
861 0.061752584212998125
862 -0.07688940326883487
863 -0.014792778678353817
864 0.07539954184713504
865 0.0398565635349274
866 0.021008478563119833
867 0.10291575306459488
868 0.11652203948674067
869 0.011325911993624767
870 -0.02317353527572951
871 0.09909730492572233
872 0.14118188729693937
873 0.11715430925042536
874 -0.014329297956434776
875 -0.02683144098423728
876 0.013533123912312102
877 -0.023451728025774547
878 0.10275287759455576
879 0.09705822769976347
880 -0.02875813245694136
881 0.0071299646682251375
882 0.0068187394000193205
883 0.06923867111683701
884 0.034836640790873015
885 0.11069211725620842
886 0.05975865050860019
887 -0.07878718799523032
888 -0.05842966433564644
889 0.1846695316276924
890 0.13920934071282598
891 0.0883764686205114
892 0.10088283578707713
893 0.025958291427771736
894 0.11571520604363339
895 0.15747869867428388
896 0.10606228292536624
897 -0.11267901349324749
898 -0.2208909828849227
899 -0.18462353597081294
900 0.0456251803599076
901 -0.013432279186728839
902 0.0005737778772941862
903 0.04188485530139186
904 0.030414898341492143
905 -0.017159837419368988
906 0.025291774962825538
907 -0.047836330279748755
908 0.015484787276678243
909 0.11039578237873282
910 0.07526347229608799
911 0.014569778731386658
912 -0.04912171176655821
913 0.00420931080370391
914 -0.05951688105633767
915 -0.04890996014208159
916 -0.029593989006086223
917 0.06722735197527807
918 0.016268204621128997
919 -0.10902944935733505
920 -0.1161857143602828
921 -0.10336280978046208
922 0.05143505613895794
923 0.1931698870749602
924 0.04881906327031683
925 0.021148761337970508
926 -0.01697754400365003
927 -0.013753893207733119
928 0.13288493528048828
929 0.1586383316689267
930 0.014930083915460808
931 0.12087012373811656
932 0.11701603422793194
933 0.0814541127373064
934 0.1562208551072518
935 0.07268747783686702
936 0.03078624885827875
937 0.05560558538806671
938 0.1289951342155592
939 0.06329496264251755
940 -0.04795953346964953
941 -0.08622254386423667
942 -0.10607824288947942
943 -0.11183905428796781
944 -0.04572091877807171
945 0.08918505763537776
946 0.11537550491172677
947 0.03674737411515306
948 0.08510991659486133
949 0.03213452760772551
950 0.02202263071646538
951 0.043471708434283836
952 -0.008701623442759147
953 0.002817833696470269
954 -0.03544725496598577
955 -0.13410293909478643
956 -0.15380008395422184
957 -0.0525324007510034
958 0.06238003332978959
959 0.03094239664219057
960 -0.03468745927281535
961 -0.1376602480688388
962 -0.1533570137694068
963 -0.13148769870346488
964 -0.0075302607274619834
965 -0.02407710829063891
966 0.007384444149041054
967 -0.02396640058944232
968 0.022694799271592354
969 0.042432656465139724
970 -0.010552449181231542
971 -0.3479616753497493
972 -0.41692426660355697
973 -0.34869765714867473
974 -0.09479001259657427
975 -0.11960905233283203
976 -0.09515902159082945
977 0.08428241766032041
978 -0.029597082692047853
979 0.009248461069121812
980 0.020307381713765234
981 -0.0615748390251537
982 0.0310212933721078
983 0.09470134365867178
984 0.10222590686297106
985 0.0373666908250544
986 0.03087421532788593
987 0.07585145993036402
988 0.17118398903764553
989 0.11474461628731258
990 0.025691632493790702
991 -0.16309504754727133
992 -0.07600424280704321
993 -0.08961890439965547
994 -0.04088338893248366
995 0.07030952570031157
996 0.06371543191429108
997 0.09110701465309201
998 0.1091541088399327
999 0.11079738822528096
1000 0.09916436073697976
1001 0.0865906802772275
1002 0.09647925083138087
1003 0.0873532944944787
1004 0.013979767777671522
1005 -0.009163883183843528
1006 -0.017235269207246266
1007 -0.031790174097834016
1008 -0.007533072104847098
1009 0.07665027816577374
1010 0.08538327066256268
1011 0.0778647802552842
1012 0.13498615540950876
1013 0.08309683461718176
1014 0.0985571281231915
1015 0.1697745019118616
1016 0.06299485730912291
1017 -0.06097331068943223
1018 -0.15215554235302708
1019 -0.03830389570114622
1020 -0.02296016354384111
1021 -0.12073014804579263
1022 -0.01213279326557714
1023 0.008834822499666724
1024 0.12084495109283633
1025 -0.10829073066352468
1026 -0.009089592931870276
1027 0.04250079248950723
1028 0.09306802957260796
1029 0.0671026013957049
1030 0.10815208064374982
1031 0.05957813750799968
1032 0.06886593684984799
1033 0.05977354369989197
1034 0.07111437041968027
1035 0.08990458684835001
1036 -0.00710741679315962
1037 -0.07587722968250266
1038 0.029752661627385886
1039 0.04760211957418104
1040 -0.13739781424462028
1041 -0.3366696097599783
1042 -0.2829978606879121
1043 -0.07000875967488984
1044 -0.08937813490402224
1045 -0.007371959542608157
1046 -0.0066693437495627325
1047 -0.04825877114725873
1048 0.007714997886496884
1049 0.007330183008919529
1050 0.0014889974156363575
1051 0.07956034243730581
1052 0.08692243647502262
1053 0.02950363025147052
1054 0.03024509402209386
1055 0.01917241682574112
1056 0.1490145018021013
1057 0.10869498152939794
1058 0.11116685016779282
1059 0.13592030972543678
1060 -0.06363601199691804
1061 -0.03756823190027891
1062 0.022150520497776223
1063 0.014697339491336232
1064 0.05660458853330564
1065 0.009061617088976244
1066 0.17414253715171124
1067 0.10257832241362219
1068 0.1171031499802967
1069 0.10048192550888924
1070 0.07419193615302955
1071 0.13364947569832164
1072 0.003067793801990855
1073 0.07675308860754793
1074 0.016968054797446792
1075 0.026829621935890453
1076 0.04568462272763608
1077 0.04990737140238533
1078 0.07052291179221182
1079 0.05297675843459782
1080 0.07421959246775767
1081 0.06588027216062808
1082 0.14272499547766582
1083 0.16806148157687228
1084 0.05949584133142761
1085 0.13463825288303777
1086 0.11099802827360061
1087 0.11706495780734538
1088 0.1228124574645636
1089 0.18217177041370458
1090 0.18827080070454538
1091 0.19814355966033925
1092 0.13898453900665853
1093 -0.05015814022507758
1094 0.056830829685994184
1095 0.08050242933004081
1096 -0.09799123369449891
1097 0.03742480922400827
1098 -0.02495872913979557
1099 -0.04457809323716166
1100 0.01213689061117574
1101 -0.044655211176886415
1102 -0.07001723659678138
1103 -0.07479050866387926
1104 0.06374179880302389
1105 0.0872582464807311
1106 0.002610315655177227
1107 -0.09113483949604817
1108 -0.11419980078764358
1109 0.0576781411367352
1110 0.012083817122034442
1111 -0.06469925816131028
1112 -0.08373239164168755
1113 -0.14994957889333993
1114 -0.18422671908152044
1115 -0.0703414655969522
1116 0.030969225999941126
1117 0.06857846421527991
1118 0.07012069356514583
1119 -0.04458445465283322
1120 0.08185772049896112
1121 0.019740452182505204
1122 0.0733181752677029
1123 0.09145684093872031
1124 0.03528148502036455
1125 0.1064567905097834
1126 0.1919744641145672
1127 0.13663442208692966
1128 0.12642073912414442
1129 0.10394750043079337
1130 0.005148968814610806
1131 0.03289789883612738
1132 0.06634180398381939
1133 0.16788009283928484
1134 0.17532404422635917
1135 0.1598959296154322
1136 0.12391486081165393
1137 0.16029268558153997
1138 0.1474561030136402
1139 0.08593458818634925
1140 0.071519578507237
1141 0.05257778128319213
1142 0.05797242124609337
1143 0.03160674579689438
1144 0.06590362599686894
1145 0.1018664836139197
1146 -0.11496528859728816
1147 -0.051642745313101306
1148 0.041313545472265185
1149 0.08135193616706882
1150 0.15761186139880745
1151 0.13226537787576997
1152 0.1379102823695194
1153 0.1166726606278149
1154 0.17289634217169858
1155 0.09403399687548297
1156 0.07955830892447746
1157 0.15377279504824226
1158 0.1641133071255768
1159 0.17760309302710364
1160 0.12735920678281498
1161 0.168152130803067
1162 0.137459363513729
1163 0.1988245534093681
1164 0.22606576665927658
1165 0.13181663689400291
1166 0.15265491677055987
1167 0.163586422521094
1168 0.218445659303116
1169 0.2505645277552463
1170 0.18854054824416433
1171 0.11965100352640146
1172 0.20265808134311836
1173 0.2412134444264512
1174 0.17208078446745556
1175 0.20281327091700685
1176 0.16130379924484994
1177 0.12209400818156435
1178 0.19288111076903813
1179 0.14125395955969278
1180 0.1129444669322498
1181 0.024015816952074227
1182 0.06636723353889973
1183 0.09947792829544422
1184 0.018499764114922608
1185 0.1094476799695786
1186 0.2138051647543494
1187 0.3153062372785217
1188 0.24407101238401363
1189 0.1388579353267988
1190 0.12511923316182727
1191 0.04971102861142807
1192 0.0571708866644104
1193 -0.11292759582423006
1194 -0.11960271466656824
1195 -0.2136505301899928
1196 -0.1533002724311513
1197 -0.007463368856546741
1198 -0.05741115950396935
1199 -0.043473865154935
1200 -0.0782459890571926
1201 0.04050762026648325
1202 0.13186749869814374
1203 0.1290794757360646
1204 0.08021779966330367
1205 0.17125182652293514
1206 0.1712222620545577
1207 0.1546750252451562
1208 0.23641032804366258
1209 0.206728065899627
1210 0.15087726555626257
1211 0.16192912830391204
1212 0.20690075988662382
1213 0.19673318342180035
1214 0.15901951089014854
1215 0.08206697749747771
1216 0.12089065958545742
1217 0.23458286531413985
1218 0.24553890128325573
1219 0.16400557965696005
1220 0.16326796426491963
1221 0.06276139046301121
1222 0.062273662451078134
1223 0.17278124674183626
1224 0.16487740241817217
1225 0.10493156041727214
1226 0.16237143229355577
1227 0.020243598117163482
1228 -0.25193099986645795
1229 -0.7812796682595416
1230 -0.7083442085745714
1231 -0.2891290743009717
1232 -0.12693876770017998
1233 -0.11757750508584597
1234 -0.11076044835115628
1235 -0.12126337428307299
1236 0.022658407632293882
1237 0.05403571687142684
1238 0.12152168329518698
1239 0.16333940368397915
1240 0.07672214834772884
1241 0.09679966438264553
1242 0.02494494527181413
1243 0.02846530912310808
1244 0.1924461245752428
1245 0.1746732165295003
1246 0.04972151377356394
1247 0.24858622346178716
1248 0.24699963225671862
1249 0.24113238020530214
1250 0.17543557203166127
1251 0.12684601183613775
1252 0.20824371793784902
1253 0.19765698725680803
1254 0.11413151273987576
1255 0.1328875260122987
1256 0.18819363784089826
1257 0.030124913657035075
1258 -1.1912592338776147
1259 -1.074770379456906
1260 -0.5963485010064159
1261 -0.34368605386921847
1262 -0.11062936831754488
1263 -0.00012309828511380266
1264 0.05311261145883062
1265 0.11600346336288847
1266 0.12252297267244383
1267 0.1469171273494413
1268 0.017303820807315413
1269 0.055610296634968644
1270 0.1340539012847176
1271 0.06830455966459847
1272 -0.03668871799564332
1273 -0.017451937541208655
1274 0.10240068884238152
1275 0.13144830174982924
1276 0.10609110003261601
1277 0.0970396817257625
1278 -0.06562880370816349
1279 0.11353757056733282
1280 0.022940062735217988
1281 0.0018777206905457103
1282 -0.07191842686139982
1283 -0.013701824287947521
1284 0.08696074108039109
1285 -0.0845368147038511
1286 -0.5947001498376193
1287 -0.6214389963916159
1288 -0.49626492980521963
1289 -0.14227394203609667
1290 -0.12775102568744334
1291 -0.01127300951330145
1292 -0.10545617430775966
1293 -0.15857038183489014
1294 0.07463810132245097
1295 0.12793272928726818
1296 0.11507057922662678
1297 0.04116826581051381
1298 0.03878596653746225
1299 0.05243794469666508
1300 0.14266813692651847
1301 0.0045918774204397675
1302 -0.06458700926637395
1303 0.0399177973452839
1304 0.1677510316660874
1305 0.10774573010476896
1306 0.08468992758796101
1307 0.13929789224002487
1308 -0.007705755604631041
1309 0.037799749388428235
1310 0.013694083992989443
1311 0.026934590323692727
1312 -0.13753436907157213
1313 0.009475367152818388
1314 -0.03149184932644122
1315 0.03177200774084266
1316 -0.00011548161339024893
1317 0.05722500271414955
1318 0.04509861257375459
1319 0.09479228353436209
1320 0.12915366985115095
1321 0.0714016792154285
1322 0.05064229353641448
1323 0.19763286684301018
1324 0.2150372822244736
1325 0.23588914664620286
1326 0.1731396270936062
1327 0.08800519202290669
1328 0.10604229480171223
1329 0.10044045018421055
1330 0.028604843154569688
1331 -0.0828170448020541
1332 -0.10411981600125675
1333 -0.11143498490630865
1334 0.031166025862178766
1335 -0.08553234043435343
1336 -0.103377047436224
1337 -0.048850157671408316
1338 0.09135238285952763
1339 0.149898580684665
1340 0.04238669243349758
1341 0.0008314753341397488
1342 0.12041916795820551
1343 -0.0014886927275182746
1344 -0.012540212856519621
1345 -0.0169538918124471
1346 -0.04708952773407137
1347 -0.001888221761559554
1348 0.11244073265456389
1349 0.05967042474739682
1350 0.16380002129634075
1351 0.059034614893592414
1352 0.08800998881813082
1353 0.14447659792475231
1354 0.12155635119111874
1355 0.0737083041410943
1356 0.017432389434050573
1357 -0.021931617419595033
1358 -0.016543388793847418
1359 0.028342972573314536
1360 0.07522436378698838
1361 -0.04032493824271743
1362 0.03677492687174489
1363 -0.0471373194879715
1364 0.03602511520384322
1365 0.047144344884516694
1366 -0.01931494332310823
1367 0.07339642617287889
1368 -0.007772509486555383
1369 -0.14167860332096727
1370 0.005850420574207045
1371 0.046387024261010164
1372 -0.09356890374030347
1373 0.019949998873046833
1374 0.007715647479843109
1375 0.03157991805901073
1376 0.06615057508773414
1377 0.024625597996733257
1378 0.11513821532420987
1379 0.1390818913208437
1380 0.12815893333405082
1381 0.11432268495380693
1382 0.07852090266183775
1383 0.16363335565191217
1384 0.1084707999491189
1385 -0.03472679339190964
1386 0.0010317146903008403
1387 0.11542105955075666
1388 0.11451071236806054
1389 -0.010739982576664635
1390 0.01708770714580677
1391 -0.019840937251300976
1392 -0.0028055058967010257
1393 1.1918940375006681e-05
1394 -0.03504766996294794
1395 0.03273309346221421
1396 0.0063086241715114635
1397 0.05107906336908908
1398 0.1486893114224318
1399 0.016206628212701697
1400 -0.05610202424489163
1401 -0.027724294134968124
1402 -0.06906907329843481
1403 0.013391124361904157
1404 0.05309137956712274
1405 0.09457151572681421
1406 0.10666021412416338
1407 0.0658549036208188
1408 0.06790427942618915
1409 0.08930674027377161
1410 -0.013896552028681446
1411 0.08676548581959931
1412 0.0913991641802755
1413 0.07967232948291947
1414 0.08610836894550455
1415 0.18188158110493358
1416 0.07896649519753562
1417 -0.03798101877336368
1418 0.03569526344600316
1419 0.03132793105518939
1420 0.0008380043941275186
1421 0.05940013953122215
1422 0.009214333431914919
1423 0.01933260547636618
1424 -0.03235961334863024
1425 0.12392185841096814
1426 0.05334711312568342
1427 0.011888456617926375
1428 0.05223664151296415
1429 -0.02713393003082675
1430 0.005110046467537439
1431 0.09551588331217598
1432 0.031997617933798746
1433 -0.03543358473748814
1434 0.14271578955404773
1435 0.30762225692333967
1436 0.2435023078317914
1437 0.19330243198035812
1438 0.19391643541033143
1439 0.20520461653430455
1440 0.05992129817875192
1441 0.050178756116993635
1442 -0.22808491375283613
1443 -0.15330822267296018
1444 -0.16246651699387205
1445 -0.10039712341673923
1446 0.08421816756796996
1447 0.16611678607253733
1448 0.1663599707412987
1449 0.06361626385384678
1450 -0.00298420516761954
1451 -0.03903478163286255
1452 0.07553083834821617
1453 0.11717170855408365
1454 0.08685492635638237
1455 -0.04119294426126718
1456 -0.5553752545866627
1457 -0.7447455519611862
1458 -0.5018189446356286
1459 -0.2552751314763936
1460 -0.3030313294815682
1461 -0.15825093422895808
1462 -0.10259762559561925
1463 -0.17356575948755737
1464 -0.17958637823656265
1465 -0.11652720774688252
1466 -0.039508322580813375
1467 -0.06850120703719942
1468 -0.051416131132581915
1469 0.006132572866393356
1470 -0.03150068060344157
1471 -0.030709008203215864
1472 0.09624761010374694
1473 0.14881097217110717
1474 0.031169412814422766
1475 0.011863589634829703
1476 0.15652361326496755
1477 0.14466667772293984
1478 0.12273363695382666
1479 0.3168653908136053
1480 0.0412620483180336
1481 0.04875597112990871
1482 0.061345996239227214
1483 -0.07088436292215594
1484 -0.10636608000802827
1485 -0.12194524647159544
1486 -0.11964323345480754
1487 -0.15170862612134617
1488 -0.09203084280230034
1489 -0.0027733177322756195
1490 0.04776312859687149
1491 0.036719247849562715
1492 0.017287626697425902
1493 -0.01803527907364188
1494 -0.0009084807620905952
1495 0.09355470464814342
1496 0.01103018524602984
1497 0.07334957037105194
1498 0.029214271619908312
1499 0.009460560689406601
1500 0.027755757249822717
1501 -0.03456527280317633
1502 -0.010336081944585122
1503 0.02214797302443284
1504 -0.04112719843564438
1505 -0.032291545675176996
1506 -0.009042695631960133
1507 0.10979552637232526
1508 0.03956629120111355
1509 0.12884029341327785
1510 0.12843608124112105
1511 0.2043267575493547
1512 0.2483340847747132
1513 0.17790639150442356
1514 0.2208776100453934
1515 0.1403798837475011
1516 0.2075174842503048
1517 0.12879261860072855
1518 0.14469880740179686
1519 0.10327708093976351
1520 0.019360402485945623
1521 0.07859372654260877
1522 0.1119656525817464
1523 0.0620325299806569
1524 0.09941118908213464
1525 -0.003811985758572438
1526 -0.05259272076969356
1527 -0.002487377520791971
1528 0.032621938756763565
1529 -0.049984579891854
1530 -0.06311993678505534
1531 0.043728986892149886
1532 0.05914195388536026
1533 0.0871821806337908
1534 0.020949430061905867
1535 -0.009415334719419126
1536 -0.00973189587707967
1537 0.023668167151329807
1538 0.14185630946136196
1539 0.030155511742948955
1540 -0.030781832891163423
1541 0.021811770037887153
1542 -0.07713718026835015
1543 -0.07662719336556567
1544 -0.04383627565155567
1545 0.035685838777483776
1546 0.1285520099223464
1547 0.06788434920074049
1548 0.04536143297232965
1549 -0.032690466024091085
1550 -0.0010496115525296876
1551 0.13850864416318298
1552 0.09013726120170584
1553 0.03701721319342422
1554 -0.000880873801717745
1555 0.052930783260508714
1556 0.060056373660786984
1557 0.11309353082381957
1558 0.018764352573926397
1559 0.1412727803727608
1560 -0.04073693531060318
1561 -0.14385000635186718
1562 -0.036909922706653935
1563 0.04985727039579214
1564 0.01378204229959746
1565 0.020175360225296653
1566 -0.024608532748713434
1567 -0.06098560405851405
1568 -0.03336183148982574
1569 0.008809376420375055
1570 -0.002003804518123535
1571 0.0016500920903882513
1572 0.0011466272986541196
1573 0.011994614298062596
1574 0.060411752978241647
1575 0.08072445522341976
1576 0.08174750751172322
1577 0.06331636148203923
1578 0.05947393906083843
1579 0.05318277070634448
1580 0.02128484252293273
1581 0.08254863315525707
1582 0.15110420914831646
1583 0.0814749281653081
1584 -0.02962495680983867
1585 -0.16162739797218084
1586 0.03236957755754755
1587 -0.005225231598300899
1588 0.0590519409174436
1589 0.07902624173752482
1590 0.11333372249115026
1591 0.18847735881846173
1592 0.160719091164795
1593 0.1655902290029604
1594 -0.16568847588902547
1595 -0.15510784522987653
1596 -0.030423446223464372
1597 -0.08733294228411925
1598 0.05880459536840189
1599 0.1051963411589173
1600 -0.3834812650207181
1601 -0.48430002632053804
1602 -0.4361382992944681
1603 -0.3349797003989733
1604 -0.16825674149825265
1605 -0.04024412448856484
1606 0.03257268944676806
1607 0.03201997400580748
1608 0.05362914761056626
1609 0.08501346113374264
1610 0.032630172107845364
1611 0.006379446487103986
1612 0.09384680021426728
1613 0.2542695039213373
1614 0.1937848848282061
1615 0.05993573759079308
1616 0.0171402507517956
1617 0.08449861265634862
1618 0.06659772777467932
1619 0.04296326724525724
1620 0.10590793101173002
1621 -0.014144584066882009
1622 0.04804235749006292
1623 0.052985935590045836
1624 0.11719203825524172
1625 0.02351733046649141
1626 0.03318667751827487
1627 -0.013462122090883814
1628 -0.008539869988139263
1629 -0.013548045203633056
1630 -0.045458083761586214
1631 0.008418157240869813
1632 0.008598398452677965
1633 0.046069481847981104
1634 -0.01902532952604307
1635 0.022280547519729306
1636 0.009456242327162807
1637 -0.010892250106591665
1638 0.016738853577438102
1639 0.045108380034180835
1640 0.0191459458608011
1641 -0.5173575876534341
1642 -0.5560032116938755
1643 -0.27960182960546665
1644 -0.0899229458826466
1645 -0.17109930475552748
1646 -0.08648352529993819
1647 -0.06275086180002465
1648 -0.06939681318905688
1649 0.062017302350598665
1650 0.04256094011017975
1651 0.04229882340556113
1652 0.04571334698275276
1653 0.07050515403429525
1654 0.13597487212698123
1655 0.05356409130999563
1656 0.10268899525292052
1657 -0.03593109774956648
1658 -0.07608810508074104
1659 0.05881544378618909
1660 0.07227873215791358
1661 -0.01654600188166288
1662 -0.1209199683750325
1663 0.001975142724946262
1664 -0.04444097179648853
1665 0.007230060397917522
1666 -0.06956967014227022
1667 -0.08202506793949571
1668 -0.08288944683792299
1669 -0.129953774730181
1670 -0.02411194497451962
1671 0.0281345622240411
1672 -0.09801700225139431
1673 -0.23252660330345354
1674 -0.4082557399643446
1675 -0.4160181022421324
1676 -0.18576538632649264
1677 -0.05463315013329694
1678 -0.16895461593517613
1679 -0.16724247417212557
1680 -0.07937208082242198
1681 -0.049046329391755454
1682 -0.045994273311434346
1683 0.0013078025095029158
1684 -0.0033602022967028564
1685 -0.006584675461594462
1686 0.0007838618378474063
1687 -0.017301282240081865
1688 0.0019341839204417635
1689 -0.01660681707769928
1690 -0.07476062545967299
1691 -0.03145587658653259
1692 -0.014206523807244513
1693 -0.013915342188935857
1694 -0.3057220760879017
1695 -0.5064969079089378
1696 -0.8391057558937672
1697 -0.6477702371390973
1698 -0.34681332676924914
1699 -0.3964836527617007
1700 -0.30802517053100875
1701 -0.16718524716188032
1702 -0.1707056723145951
1703 -0.0864589180970069
1704 -0.08875925259181205
1705 -0.0520160364738712
1706 -0.0787190115077846
1707 -0.13897829347697954
1708 -0.19654224528002662
1709 -0.0358551482678121
1710 0.013255228487681132
1711 -0.041342433332174015
1712 -0.04910509997821865
1713 -0.08780258856952916
1714 0.028514047873018707
1715 0.046550181961807165
1716 -0.07605206213244575
1717 0.03214851838927924
1718 -0.0866165919106533
1719 -0.05714364238357749
1720 -0.03525978809878271
1721 0.04578849369480221
1722 -0.05089033543808174
1723 -0.024327058142345696
1724 6.754298587619695e-05
1725 0.07965108013266498
1726 0.1069267173705003
1727 0.07308867511986417
1728 0.1439332363850968
1729 0.11294135620747336
1730 0.10859806654511484
1731 -0.02789488981292553
1732 -0.0653014614561852
1733 -0.10731734209397648
1734 -0.017562302458968053
1735 0.04327296261411274
1736 0.03188447749997348
1737 0.03395076981027668
1738 0.12980681826744156
1739 0.12720661810331702
1740 -0.055910476550563463
1741 -0.12827697576372377
1742 -0.12938028524209078
1743 -0.01628734437357881
1744 0.023408886897444144
1745 0.005412213202051215
1746 -0.058813202812500014
1747 0.06443505847042441
1748 0.041919401133471264
1749 -0.06302673550649562
1750 -0.03348399420442948
1751 0.10024759580122289
1752 0.016054574901348213
1753 0.05330650350694722
1754 0.10884354731152424
1755 0.12055337264749422
1756 0.1420568291936507
1757 -0.024980124972016175
1758 0.05838385075517916
1759 0.14143606202034842
1760 0.15531313202868258
1761 -0.0112912039255929
1762 -0.1901842712445313
1763 -0.045166828982159506
1764 0.07143999302829396
1765 0.09600844639371242
1766 0.1998264559848354
1767 0.19254368763867713
1768 0.16554143356151652
1769 0.02744172335164475
1770 0.08186159405917859
1771 0.04109846973196508
1772 -0.0035927789237161153
1773 0.04554964283878061
1774 0.08830031794249915
1775 -0.01672341035120272
1776 0.07409508524742303
1777 0.031457721161275994
1778 -0.05224704067077656
1779 0.06636631343011057
1780 0.04390414042163283
1781 0.017937275835125173
1782 0.12158054526796203
1783 0.06524579762501215
1784 -0.05683474306280633
1785 0.04244437247391087
1786 0.07114619386979537
1787 -0.06125117360377718
1788 -0.03281126552044899
1789 0.09925257639875606
1790 0.17819490309486408
1791 -0.04905693418780121
1792 0.007673433184978047
1793 0.04348033220279202
1794 0.013781417585024054
1795 0.023829316696010745
1796 -0.019552015231992674
1797 0.022342113490226974
1798 -0.017418286891851868
1799 0.1881314906801509
1800 0.1643692120529482
1801 0.07914315680724993
1802 0.14639660316774605
1803 0.16325193755861445
1804 0.20167809633696432
1805 0.0820207594237291
1806 0.1760470250879126
1807 0.25390340980257686
1808 0.10039442310002922
1809 -0.5204642335273474
1810 -0.6003084631617225
1811 -0.5275100013842274
1812 -0.2659843744281415
1813 -0.1346077921759542
1814 -0.083654708453052
1815 -0.60522625441436
1816 -1.057144281239884
1817 -0.9281466195857587
1818 -0.7023016883581176
1819 -0.4732854999833461
1820 -0.23022314780697972
1821 -0.12250677823138123
1822 -0.08409578241221827
1823 -0.07140273375691042
1824 0.08601276915837441
1825 0.0010055812054207205
1826 -0.05215632678667081
1827 0.0713007681032155
1828 0.1555028909719186
1829 0.18946734908795004
1830 -0.00040395734649056186
1831 -0.06194192967094924
1832 -0.3190499158698953
1833 -0.3197739371795746
1834 -0.21376928885686486
1835 -0.5149515400177319
1836 -0.5034359247954666
1837 -0.38758927787043096
1838 -0.3376992005680376
1839 -0.13294034366682983
1840 -0.14290759760350913
1841 0.06138137619095286
1842 0.01193491735594588
1843 0.01937433328831329
1844 0.026353672225782783
1845 0.09561287214919101
1846 0.02646108470966791
1847 0.10979904487337133
1848 0.11413479337383758
1849 -0.03747999564776993
1850 0.024529306857887685
1851 0.01793001972547071
1852 0.0012012501657937616
1853 0.025151342141187423
1854 -0.08548461147577602
1855 -0.09948893416836146
1856 -0.17232010109031937
1857 -0.20393764386480318
1858 -0.3067740825678965
1859 -0.0783726233574652
1860 -0.02714610546857276
1861 -0.08558144582755578
1862 -0.08320448302342076
1863 -0.02469082132094346
1864 0.019461585306403857
1865 0.024481976130205647
1866 0.1075486480147293
1867 0.13290478584966248
1868 0.23722344133696704
1869 0.2866273196502521
1870 0.16210212241773714
1871 0.158011289846259
1872 0.2746391252142376
1873 0.16065990889453186
1874 0.011981209982339432
1875 0.11123263336318867
1876 -0.008419384518189792
1877 0.024386117886168075
1878 0.0022767936359019483
1879 0.04288861215300866
1880 0.09398564273416976
1881 0.10308752417265221
1882 0.07396580847589174
1883 0.05469388101718831
1884 -0.23433007681549445
1885 -0.3097570028103559
1886 -0.14676150282448763
1887 -0.10865517594410623
1888 -0.08928615395924855
1889 -0.061290860046112276
1890 -0.13104614196887898
1891 0.036107481067888865
1892 -0.08063365036460202
1893 -0.08741469914079236
1894 0.1628657148932876
1895 0.16106234504573702
1896 0.02961298323154605
1897 0.012319424575737765
1898 -0.06901895442879724
1899 -0.05927323483737556
1900 -5.060396247646287e-05
1901 0.06663302625017475
1902 -0.01286779970209128
1903 -0.22160223659645173
1904 -0.18395833049336663
1905 -0.08181359936068422
1906 0.09419271863092316
1907 0.06921906786507914
1908 0.07991212271523007
1909 0.016764062926627583
1910 0.08687705424651593
1911 0.17935406712942548
1912 0.09566368812889603
1913 0.1418542933779764
1914 0.09710502716720437
1915 0.1499910276906763
1916 0.2170580638869256
1917 0.1969959344732234
1918 0.18367964231001277
1919 0.13810221716861004
1920 0.12340360977012377
1921 0.11252060389452534
1922 0.12079797930400271
1923 0.15587433119154237
1924 0.1405228562312305
1925 0.1738708824478027
1926 0.26597883063434036
1927 0.2618770660426736
1928 0.2164635387610775
1929 0.2561408303054423
1930 0.23767279160566257
1931 0.278969793033612
1932 0.3345679083828105
1933 0.31212066026162855
1934 0.28983013348781295
1935 0.27955132542322925
1936 0.20356680797127236
1937 0.3560631518852534
1938 0.3929305480330373
1939 0.42793989301563495
1940 0.3990116049836575
1941 0.3547885516306638
1942 0.3884678178845621
1943 0.4667244402201919
1944 0.5534741009076088
1945 0.4541154099742658
1946 0.4664918570573223
1947 0.5742362066271499
1948 0.5933119694386465
1949 0.441300759771737
1950 0.45114717412323724
1951 0.46585309043163814
1952 0.34513414151607147
1953 0.3794278773010279
1954 0.41851262387106825
1955 0.37395342519730146
1956 0.33981544020130794
1957 0.5191810477608402
1958 0.4698644967297997
1959 0.45570629388530104
1960 0.5037300585950976
1961 0.4451933943195473
1962 0.4337686700955333
1963 0.4506143876468246
1964 0.2543415267549295
1965 0.3911597604041236
1966 0.5365153979630878
1967 0.49333007331606094
1968 0.4930490285450747
1969 0.40456133934046246
1970 0.4633071947203308
1971 0.5533949387736089
1972 0.6931095689079444
1973 0.6847884701827825
1974 0.5679698392018241
1975 0.5163100958967294
1976 0.6134476970773636
1977 0.6618471155550497
1978 0.761881631943682
1979 0.732487631923762
1980 0.788752061673195
1981 0.8022998813229679
1982 0.7083504253480174
1983 0.5199042534010533
1984 0.6150403535658898
1985 0.7967240520195861
1986 0.829465374789068
1987 0.908283226846807
1988 0.8913335680084361
1989 0.956359856815398
1990 0.9890695457797579
1991 0.8814279539656996
1992 0.6550353437425843
1993 0.7197581092525257
1994 0.9941415271090096
1995 0.9638408716164423
1996 0.9897307161762984
1997 1.010579899728926
1998 1.2038907080293217
1999 1.278731819247385
