850 -0.22574006737471564
851 -0.22216987557396806
852 -0.30061898987202085
853 -0.24577987146534497
854 -0.18166926503101877
855 -0.24692495205277964
856 -0.015079398431566915
857 0.027761240432994327
858 -0.16201391303115997
859 -0.3694964645547998
860 -0.2744406035332645
861 -0.1159445935152803
862 -0.1965154670409106
863 -0.04837522085301771
864 -0.18912143118308222
865 -0.24682420503984304
866 -0.082384078784969
867 0.015204041324409445
868 -0.17047521554138712
869 -0.13807052730754776
870 -0.24820883345375933
871 -0.13675169067090565
872 -0.015067990911688867
873 -0.18991477263739398
874 -0.14922367125211622
875 -0.08824435003879216
876 -0.2832701809425089
877 -0.2844677051642748
878 -0.21319584754962762
879 -0.40233067438583703
880 -0.23912435813366528
881 -0.1865280082076879
882 -0.15549527963241871
883 -0.16431411217871528
884 -0.011033520680939546
885 -0.1373923289320942
886 -0.24084531369896922
887 -0.13679613554410253
888 -0.15782862611905557
889 -0.2587178274442863
890 -0.3844320272690993
891 -0.3263365541503731
892 -0.18297242441076378
893 -0.30816493023559133
894 -0.16654105557199728
895 -0.16442456413540185
896 -0.3718534458452041
897 -0.26011000406498397
898 -0.09947354145498366
899 -0.08554179509081905
900 -0.2775126393966616
901 -0.35036289263410936
902 -0.2879318612059478
903 -0.2910948815064103
904 -0.2631585754777461
905 -0.1986582450070955
906 -0.35456675690357997
907 -0.177403617527375
908 -0.15470529305633818
909 -0.3158309683128664
910 -0.15154873093774768
911 -0.14990702508697495
912 -0.1205019928057709
913 -0.1387914095479914
914 -0.12246670642792878
915 -0.23299729933705748
916 -0.24741742298419922
917 -0.3126592312721641
918 -0.1226709976631355
919 -0.17561450189123207
920 -0.10886999266705288
921 -0.2480436667815411
922 -0.16669644727716104
923 -0.04991513389512647
924 -0.058998440819891584
925 -0.008626035975453306
926 0.07384802400571289
927 -0.0916688127931593
928 -0.058318470109497866
929 -0.05813737381794226
930 -0.16452789722114858
931 -0.20134704209908705
932 -0.3113715531717389
933 -0.11240733925609447
934 -0.08866853961103516
935 -0.0288301324945337
936 -0.09278170287296916
937 -0.09133085833894938
938 0.03210979785535528
939 -0.43109426689710517
940 -0.45994062842953554
941 -0.18753067144621127
942 -0.17017572911049683
943 -0.21914172548594024
944 -0.17691916503770244
945 -0.1411169190515693
946 -0.006828015423195666
947 -0.1021255168288917
948 0.017459669626305185
949 0.07775918622434119
950 0.002770288554927447
951 -0.13657572135088003
952 -0.03482943227220403
953 -0.060913912525563774
954 -0.08491627332290363
955 -0.11376269973044373
956 -0.04754494520335584
957 0.049081613617943276
958 -0.08432802097564718
959 0.004350374384728184
960 0.0029228332053321537
961 -0.15318682307753306
962 -0.21871160002859824
963 -0.11698636682007191
964 -0.13650815929696591
965 -0.16199492662821058
966 -0.11691058096317875
967 -0.16310381896755644
968 -0.04489326738132604
969 -0.12972864193915257
970 -0.003022976838167324
971 0.010250023893831894
972 -0.140991288662633
973 -0.11471229178994236
974 -0.11405107662017144
975 -0.06595461958147553
976 -0.14286702027067122
977 -0.17150335928283766
978 -0.11068463549128182
979 -0.023069256912208402
980 -0.1226098510318252
981 -0.2244087911796555
982 -0.18789746064425117
983 -0.17995801391600708
984 -0.2793607790840156
985 -0.24824085794728035
986 -0.15523622965184813
987 -0.16130663079502483
988 -0.16665866494071224
989 0.02029750086109061
990 0.025893497897527595
991 -0.1828692511440977
992 -0.1443243750060219
993 -0.07392877662152841
994 -0.33023198025540523
995 -0.1355283699700749
996 -0.25502043708036126
997 -0.22660114461882586
998 -0.24649917490484086
999 -0.1221864531846677
1000 -0.09935609624625386
1001 -0.23580432550073738
1002 -0.2434421866194043
1003 -0.41108950827168655
1004 -0.41279613969157936
1005 -0.18238835844090318
1006 -0.16380529661631726
1007 -0.1422560808570097
1008 -0.31077722424242893
1009 -0.09402404529089381
1010 -0.2166084547499736
1011 -0.09813947920196142
1012 -0.13650322651449187
1013 -0.015562788983288556
1014 0.04040448174470157
1015 0.0379175519922228
1016 -0.14322537465506002
1017 -0.0937461196722893
1018 -0.1293456624524083
1019 -0.18656046206263
1020 -0.07341014411719016
1021 -0.13715305613260398
1022 0.025369521851644095
1023 0.0702362602863218
1024 -0.06390394924852671
1025 0.03513586885384257
1026 0.09305301722832837
1027 -0.06281608126823812
1028 -0.32603976895336473
1029 -0.24525737156852756
1030 -0.14081843095311797
1031 -0.18901807674484417
1032 0.003193850449576985
1033 0.13134900854225862
1034 -0.09331035773595886
1035 -0.1974744408436777
1036 -0.24668491117091662
1037 -0.08624021634028622
1038 0.14221510824324923
1039 0.11266960491536793
1040 0.14973461171678082
1041 0.10306193613001824
1042 0.035156605999532076
1043 0.14153941815760618
1044 0.038588506581447746
1045 -0.10652204716581082
1046 -0.1364266566400829
1047 6.0771549840410444e-05
1048 -0.06513622145308773
1049 -0.08230288008616071
1050 -0.13377614272434357
1051 -0.12799361675990895
1052 -0.10430704118152789
1053 -0.06381497222554344
1054 -0.12233651484575603
1055 -0.10556578280989015
1056 -0.12578046136172816
1057 -0.255178411733084
1058 -0.29473539126615833
1059 -0.09624858408079717
1060 -0.0811524813227038
1061 -0.029835063678547158
1062 -0.18674074974939003
1063 -0.2573246435800911
1064 -0.3142328859959207
1065 -0.21441553288411797
1066 -0.1924078711994639
1067 -0.11392649984691161
1068 -0.1371541003609309
1069 -0.10782406210347517
1070 -0.018510006827625602
1071 -0.06748218180024423
1072 -0.030285538769021514
1073 -0.08036916117066539
1074 -0.17917545398637458
1075 -0.19858727660016484
1076 0.0035792990548202397
1077 -0.1885686622234175
1078 -0.20179129848958155
1079 -0.13469300659676264
1080 -0.18691534492569417
1081 -0.1846606410870777
1082 -0.11272625076259146
1083 -0.09062947447375791
1084 -0.07162012860595723
1085 -0.0797386971626679
1086 0.02522696645672795
1087 -0.0944078692971857
1088 -0.17086032059881973
1089 0.09765144509844959
1090 -0.07072941529952459
1091 0.026165475085576873
1092 0.15438780476955571
1093 0.009688061301631024
1094 -0.012009163679977064
1095 -0.1122161083218316
1096 -0.03489341247819766
1097 -0.16479149780553826
1098 -0.25113505577905926
1099 -0.16456061051150073
1100 -0.2139027673235887
1101 -0.2631799161252957
1102 -0.07872893186493002
1103 -0.007938221523886568
1104 -0.17343769977082957
1105 -0.014242161616778048
1106 -0.01558727408314553
1107 -0.20710580197720674
1108 -0.5830377369046573
1109 -0.510436765031784
1110 -0.7182786225298514
1111 -0.44636712892690866
1112 -0.3299909123501834
1113 -0.15123511805080625
1114 -0.2715028840165701
1115 -0.2716552193981556
1116 -0.05359993029810539
1117 0.019718257324029764
1118 -0.07870723641508448
1119 0.0037459138684994286
1120 -0.1255911357390005
1121 -0.012743896804693122
1122 -0.055220214395319545
1123 -0.19690684286871374
1124 -0.035652776076233295
1125 -0.08750012423604403
1126 -0.2584818139386016
1127 -0.2801914629689577
1128 -0.2566647162203708
1129 -0.09950634634742528
1130 -0.11065971697041732
1131 -0.08557335034402058
1132 -0.035599457462751616
1133 -0.045413907879094495
1134 -0.0018596119989524595
1135 0.06676104276152728
1136 -0.17655788759640245
1137 -0.005044395151344361
1138 -0.015600248962130081
1139 -0.138212910864695
1140 -0.10047807586494173
1141 -0.18928348352494595
1142 -0.15771729518149868
1143 0.013726597817878883
1144 -0.08282438219850974
1145 0.024144945760838255
1146 0.10104081772658446
1147 0.13007349112410793
1148 0.11148155700999496
1149 0.1628278815713884
1150 0.1804806662804026
1151 0.04456787933804662
1152 0.2165240889511324
1153 0.06979514598270953
1154 0.05324675714973637
1155 0.03776768093717919
1156 0.0028373732928343998
1157 -0.054008279691402095
1158 0.0858784416667504
1159 0.023899035922056555
1160 0.08440835284091008
1161 0.021624716338635608
1162 -0.05318098407735761
1163 0.03449920658454175
1164 -0.11401962558420564
1165 0.0022353531251724235
1166 -0.01751928008474124
1167 0.02113300512019123
1168 -0.017781832717219004
1169 -0.10130818391280627
1170 -0.030882026144013253
1171 -0.6141773845636749
1172 -0.605510538652652
1173 -0.4666518499714698
1174 -0.3464233807116557
1175 -0.23591654340242485
1176 -0.12707503174948442
1177 -0.14064154436135823
1178 -0.08642344641020827
1179 0.08825865070463124
1180 0.0360271484214536
1181 -0.024437978963817386
1182 -0.2448645095134907
1183 -0.10859103333490339
1184 -0.08745028652543851
1185 -0.0767799233946107
1186 -0.1361257189760181
1187 -0.13168235490638835
1188 -0.050800260953678844
1189 0.04969433786260424
1190 0.0621420688681269
1191 -0.21225369654501947
1192 -0.17559785314944065
1193 -0.1653293309923356
1194 -0.059997284768314785
1195 0.039980095145210726
1196 0.009927952974067011
1197 -0.09403994292125617
1198 0.00791992082372417
1199 0.055068952667625126
1200 -0.08588178189063456
1201 -0.025867293059491203
1202 -0.007549445618053596
1203 0.0015616700709983888
1204 -0.025169329139430374
1205 0.01237888233134754
1206 -0.046819708707801055
1207 -0.06802951279485114
1208 0.04002514588592021
1209 -0.1722607158936853
1210 -0.18073727796780759
1211 -0.15084693622793566
1212 -0.2694175401386474
1213 -0.23942098498054065
1214 0.022522117684786735
1215 -0.08434987431996888
1216 -0.12272970865546995
1217 -0.04602353056503716
1218 -0.13209455735454867
1219 -0.0730054029173175
1220 0.044293808913835164
1221 0.13810418359190635
1222 -0.07932290966590472
1223 -0.10847749216753755
1224 -0.0964150170698872
1225 -0.029871505009055
1226 -0.16000211964819755
1227 -0.051443538135288236
1228 0.041301375987643496
1229 -0.03558117234263136
1230 -0.8184648162130657
1231 -0.7603854413077329
1232 -0.5342040550331717
1233 -0.43176157282277927
1234 -0.34849357667701497
1235 -0.32825797151963343
1236 -0.37593494426698726
1237 -0.30184652106743215
1238 -0.24919903351894845
1239 -0.08054334057226242
1240 -0.05678551163350676
1241 -0.09420942011342959
1242 0.08335940044707968
1243 0.01370582793236963
1244 0.0082189493418241
1245 0.11616605137237457
1246 0.098333366801171
1247 0.04978162439419975
1248 -0.14207853303378215
1249 -0.05171346986497838
1250 -0.03411044241647687
1251 0.022016983791957045
1252 0.15378741072413504
1253 0.2323527008985593
1254 0.05580997552391409
1255 -0.03558611572657355
1256 -0.042138275358297506
1257 -0.6179019399160666
1258 -1.5001940564756069
1259 -1.3779413815647672
1260 -0.9693926390422121
1261 -0.6530666109013623
1262 -0.43918191668205964
1263 -0.2854932852984575
1264 -0.32488855909110725
1265 -0.2673097271209599
1266 -0.21405511223724716
1267 -0.2196691665877779
1268 -0.24870653397755405
1269 -0.24088607003244533
1270 -0.2557683821278829
1271 -0.31344077970089756
1272 -0.2709192116806207
1273 -0.14363568891127443
1274 -0.15206176467387422
1275 -0.1711921643803862
1276 -0.3951172882941023
1277 -0.4638071097297711
1278 -0.29326454499135934
1279 -0.032142757707106284
1280 -0.07205884566457144
1281 -0.1649908624687555
1282 -0.12190245181744785
1283 -0.06152374435151842
1284 -0.16161092434560942
1285 0.08195046363130132
1286 -0.40666295280510667
1287 -0.5834311042152649
1288 -0.43880628086157003
1289 -0.24345957340528912
1290 -0.18446176609683107
1291 -0.2859536359082995
1292 -0.09835267692625393
1293 -0.01936346707947223
1294 -0.11488546704805458
1295 -0.19496222159534682
1296 -0.13322271372942396
1297 -0.15923024503570105
1298 -0.15347155006594448
1299 0.008300254269897778
1300 -0.06212026430551987
1301 -0.2025303101355007
1302 -0.006443608470476647
1303 0.005495666520801024
1304 -0.16685213281647293
1305 -0.043710342600036256
1306 0.09252123482343677
1307 -0.15006069910185715
1308 -0.12870546517217463
1309 -0.23935665384180993
1310 -0.14521126968395492
1311 -0.1730458907111938
1312 0.017402791055701528
1313 0.06243948657731835
1314 -0.21098381434933344
1315 0.0008626277242456126
1316 -0.02887471096852323
1317 0.041146131610105385
1318 0.07651264939448765
1319 0.047310615606818374
1320 0.09152776568919307
1321 0.10946862783265487
1322 -0.008742779385329413
1323 -0.1687001442124938
1324 -0.06309445181392448
1325 0.048183897859473745
1326 -0.023673847124257463
1327 0.07942875109347369
1328 0.022329929132581583
1329 -0.21077916100983884
1330 -0.2538980874505228
1331 -0.2549707026818737
1332 -0.13585463274790754
1333 -0.24580005934211613
1334 -0.2325414387055389
1335 -0.193931779663842
1336 -0.19480866448401457
1337 -0.18419294152363364
1338 -0.3144272171781495
1339 -0.22793752316954397
1340 -0.20536801018107553
1341 -0.07072444711911885
1342 -0.09385875083353312
1343 -0.24599585025367787
1344 -0.09286175428911747
1345 -0.3321283895145939
1346 -0.5573193412030832
1347 -0.5951967213915736
1348 -0.45990496239716094
1349 -0.19160690664000413
1350 -0.012013469496764628
1351 -0.2023162862271306
1352 -0.011976391134112419
1353 -0.02013505223925449
1354 -0.06353135861337478
1355 -0.13175894847267955
1356 -0.08387138279942974
1357 -0.09719781407233086
1358 -0.0824224398959359
1359 -0.01889417429583773
1360 0.06351664038936633
1361 -0.04281795594926052
1362 -0.034491156696049075
1363 -0.08678832509212953
1364 -0.253373560908301
1365 0.03766919376380429
1366 0.016606134390769967
1367 -0.005134445273711208
1368 -0.020504353860985702
1369 -0.024383980920219983
1370 0.12331541385015043
1371 0.055894253997848864
1372 -0.03374869530784963
1373 -0.12085842018848325
1374 -0.03696458602837538
1375 -0.09547579818661234
1376 -0.3272853080216578
1377 -0.23616626966986587
1378 0.08333318480868002
1379 0.13682845302218993
1380 0.07804068672209041
1381 -0.07931178005708261
1382 0.04977366559882057
1383 0.08923351550924963
1384 0.017818057554279676
1385 0.04608654715394778
1386 -0.1843387611261278
1387 -0.019358129550994363
1388 -0.048818237838816
1389 -0.20692075918231012
1390 -0.21661063623707832
1391 -0.009758719791079784
1392 0.09885422532533994
1393 -0.03790000680965022
1394 -0.09223572492936682
1395 -0.09693811254663842
1396 -0.2231258422490896
1397 -0.26756258926684495
1398 -0.06719047754620533
1399 -0.0019527896943145606
1400 -0.14378977627814038
1401 -0.16999277861907558
1402 -0.03239545413191536
1403 -0.17666047270807894
1404 -0.19767109995837018
1405 -0.19119029617297656
1406 -0.11314150193896921
1407 -0.07451237562486313
1408 -0.11710325620498452
1409 -0.11965391395733604
1410 -0.006285614837338471
1411 0.031210995236961026
1412 -0.00910925514523342
1413 -0.09530377189776118
1414 -0.09999168941834569
1415 -0.14910169959568975
1416 -0.13946981213149456
1417 -0.08815947064630336
1418 -0.1684145302482989
1419 -0.06741687242021044
1420 0.22728842241554048
1421 0.002038588977825384
1422 -0.13705031384375843
1423 -0.10119826116579134
1424 -0.034944054305185546
1425 0.08205197294188338
1426 0.14568044663025148
1427 0.05003905044094381
1428 0.02513746203754863
1429 -0.08280388639809644
1430 0.027723116184461105
1431 0.13606656302050624
1432 0.06754123600160256
1433 -0.0667870002216091
1434 -0.0035924136105904836
1435 0.14714949647338926
1436 0.15251609146508827
1437 -0.01425203219883997
1438 -0.07045613383428417
1439 0.16948487475656293
1440 0.11138855347888921
1441 0.010299260404565302
1442 -0.10374593889292782
1443 -0.08916959683057257
1444 -0.21666403122105748
1445 -0.04714026916963121
1446 -0.04470276745934143
1447 0.04019566989427403
1448 -0.09807159225886153
1449 -0.210982734179197
1450 -0.1086001528802285
1451 -0.08863346634734626
1452 -0.10980757720039946
1453 -0.1871247798807758
1454 -0.2827949927968234
1455 -0.14591138217559774
1456 -0.10201063620877449
1457 -0.08395608511528962
1458 -0.8338557696645239
1459 -1.0611489722974738
1460 -0.8598519368352413
1461 -0.6023650228037241
1462 -0.35857354453958123
1463 -0.2243195430301057
1464 -0.18852029552419935
1465 -0.05379039771685257
1466 0.12192764963219815
1467 -0.15748812030466297
1468 -0.08502312134959311
1469 0.009330264324773907
1470 0.13958699748292247
1471 0.10367630406540229
1472 -0.08381317372862895
1473 -0.15854916938735641
1474 -0.0848936118015331
1475 0.06775657166519977
1476 0.11023386309602756
1477 -0.15131299060601577
1478 -0.10485558492081282
1479 -0.02709026956517846
1480 0.016319202150043566
1481 -0.08344036081854256
1482 -0.047598280988268016
1483 0.07442528334001963
1484 0.05734932690552341
1485 0.035966937446744396
1486 0.09016845058528133
1487 0.08861845718064387
1488 -0.09070881035142975
1489 -0.06986763876301438
1490 0.063975931481707
1491 0.041233743668215084
1492 -0.1650683219144753
1493 -0.16529439523623068
1494 -0.14583843387976003
1495 -0.03554554711030278
1496 -0.020647739634171103
1497 0.07452496211499238
1498 -0.008027205668895476
1499 0.05306229898383208
1500 -0.09651589221579115
1501 -0.14275723629395998
1502 -0.11408552599942823
1503 -0.23923125548805046
1504 -0.20535702864196992
1505 0.015865030996167206
1506 0.06983030377767818
1507 0.05967284478600732
1508 -0.07240335613414572
1509 -0.2156800942361201
1510 -0.25763972209892927
1511 -0.24891582907974907
1512 -0.052452100436369165
1513 -0.08486091358884096
1514 -0.01902256524039103
1515 -0.053541066618493005
1516 -0.0037398282131562155
1517 0.06214377926397674
1518 -0.09037263885346647
1519 -0.016333343271298872
1520 0.00037073482388905177
1521 -0.16801618532394968
1522 -0.04269329160780444
1523 -0.012789960396787592
1524 -0.03797890257834524
1525 -0.1537099971403677
1526 -0.14453683741680834
1527 -0.19894342986469837
1528 -0.14591908219853167
1529 -0.05021876513717416
1530 -0.04126481737762333
1531 0.040257523269133344
1532 -0.04888182719616907
1533 0.04059901268044541
1534 -0.05504861970922548
1535 0.08369982366019713
1536 0.04538873724368386
1537 0.08297054867830411
1538 0.20068879567713793
1539 0.26472385727919345
1540 0.15262605711598098
1541 0.2643178140377813
1542 0.1618686729106571
1543 0.1346775216329661
1544 0.058459165171314
1545 0.011635393283484063
1546 0.18388127236022456
1547 0.11408750697779624
1548 -0.04651529099686513
1549 0.028467175011030577
1550 -0.03952829403743863
1551 -0.09873824022355393
1552 -0.0006936757606581523
1553 0.2946779358843514
1554 0.12224102966700912
1555 0.14368331955148506
1556 0.13118847831907487
1557 0.2521519320944776
1558 0.15797148484375612
1559 0.011909022060820007
1560 0.004609194170029696
1561 0.06995789583658052
1562 0.09789554715604254
1563 0.11124129642109892
1564 0.05466300334973084
1565 0.043611461441741994
1566 0.12233415586609908
1567 0.0686580029850461
1568 0.024275898156815856
1569 0.13093381277025173
1570 0.20748242655810145
1571 0.1700972355423005
1572 0.05503300731379568
1573 0.09539370687872406
1574 0.11033429865341304
1575 0.1279379815697439
1576 0.02199617579202595
1577 -0.05948467742518915
1578 -0.10641440221473886
1579 0.03439255260252594
1580 -0.00012448145344023942
1581 0.10125123050005413
1582 0.10206635256491836
1583 0.022135597799547213
1584 0.005611361735873288
1585 -0.36071262205069843
1586 -0.16075476911515807
1587 -0.25511127886505847
1588 -0.23518298485004152
1589 -0.04383545066724537
1590 -0.07447220778539076
1591 0.12982724454951722
1592 -0.021451396993029448
1593 -0.24531350150925846
1594 -0.18718230482221543
1595 -0.23430704078299414
1596 -0.4561411636651087
1597 -0.2505930810553991
1598 -0.23705506993894687
1599 -0.3378673758014088
1600 -0.6225182068830009
1601 -0.6729701109626944
1602 -0.4963256680531458
1603 -0.41894597024673885
1604 -0.33697045935764436
1605 -0.27282431355229164
1606 -0.27279402887921833
1607 -0.20207216205147915
1608 -0.21245456290449738
1609 -0.12774842143585374
1610 0.0812711692513517
1611 -0.036597806443580794
1612 -0.061573820478884045
1613 0.00237341980181327
1614 0.03124220987621129
1615 -0.10361035191652945
1616 -0.15523607129244965
1617 -0.11511904593282907
1618 -0.1195305861417637
1619 -0.08161728904786969
1620 -0.22733226847458354
1621 -0.2853667591015778
1622 -0.1076053941554278
1623 0.006992643461899206
1624 -0.17777091773297116
1625 -0.0739417821748134
1626 0.016903793439553283
1627 -0.1424334168086716
1628 -0.29317146558560125
1629 -0.19400908176913845
1630 -0.05089094105261438
1631 -0.059840522499655435
1632 -0.11051671041082045
1633 -0.08353057401495789
1634 -0.10755997677762252
1635 0.09104799156108356
1636 0.15094481144552674
1637 0.16287354004214194
1638 0.1981292173884981
1639 0.08272059482624172
1640 -0.08710170969180808
1641 -0.457400497167896
1642 -0.6475512362663949
1643 -0.5533027866051157
1644 -0.28700021138166676
1645 -0.1037285797651748
1646 -0.0929954413616656
1647 -0.16566729621962395
1648 -0.21510842591243318
1649 -0.18558471960932366
1650 -0.0033425244735099113
1651 0.05185005335266624
1652 0.0065169807159009
1653 0.04188784653916855
1654 0.030770640759897105
1655 0.04883212490608457
1656 -0.01784014193032135
1657 0.04359123287821376
1658 0.03191791848939829
1659 -0.043639056231427276
1660 -0.11271612432926759
1661 -0.03350575997887972
1662 -0.1537520961725818
1663 0.034703845559022284
1664 -0.07854104292550801
1665 -0.23090378742517714
1666 -0.11664933751939088
1667 6.44623173684522e-05
1668 -0.012590615091085056
1669 -0.13507613947172104
1670 -0.2394160913443102
1671 -0.16496064952792722
1672 -0.06377272646011534
1673 -0.11191836097930263
1674 -0.1692263776763525
1675 -0.3046446305422137
1676 -0.21201033001045744
1677 -0.04584522865633289
1678 -0.06210283993016219
1679 -0.1355610937162055
1680 -0.13555911838301427
1681 -0.047746043181746245
1682 0.027320866374509478
1683 -0.0562885902042467
1684 -0.16571590337952102
1685 -0.0009079830562086499
1686 0.004901768751437885
1687 -0.1040482943442953
1688 -0.0875479476479768
1689 -0.09223068423045788
1690 0.017019295215106922
1691 -0.00045047478090509685
1692 -0.13272761014098933
1693 -0.07674351800636714
1694 -0.09419792818192718
1695 -0.37650755443326034
1696 -0.603382271736109
1697 -0.4370533735919935
1698 -0.3138351102372212
1699 -0.20550845235123916
1700 -0.16742489627171153
1701 -0.30487184386856825
1702 -0.35852521872061516
1703 -0.19484353545988142
1704 -0.16351383929264784
1705 -0.14751591740997583
1706 -0.1446053386331414
1707 -0.07165747212707174
1708 -0.03984007067629136
1709 -0.18585547898430832
1710 -0.14075288796374252
1711 -0.15141708995759018
1712 -0.3405246262939272
1713 -0.18129286677367418
1714 -0.09698621619793357
1715 -0.12934781402339013
1716 -0.11336988434527484
1717 -0.20753927248915716
1718 -0.13505671127165897
1719 -0.04999102593109228
1720 -0.04627698038223116
1721 -0.12799513134342533
1722 -0.12659067946196956
1723 -0.19080417728071097
1724 -0.0236675279217593
1725 0.02240415304822818
1726 -0.10079672698509512
1727 -0.09731687088964236
1728 0.005511621346499851
1729 -0.08823482368177338
1730 0.012792910065797969
1731 0.0020555184228214785
1732 -0.24289838761251303
1733 -0.14006539923752825
1734 -0.18533324948538166
1735 -0.1493181979091105
1736 -0.22133973387633432
1737 -0.12697830308485436
1738 -0.013953554035424531
1739 0.002914222992046689
1740 -0.22668211085817802
1741 -0.03138492345181021
1742 -0.0864692527266584
1743 -0.17416982286363236
1744 -0.21395727511134055
1745 -0.013623878131681977
1746 0.02304245017245421
1747 0.08756263002601372
1748 0.14468558554119682
1749 0.17520074372419003
1750 0.22747212627803037
1751 0.2060349412480491
1752 0.09028382875550278
1753 -0.1258492336691006
1754 0.027783626657367222
1755 0.10337136692930926
1756 -0.003217114149720146
1757 0.08744685942639308
1758 -0.0448267089317369
1759 0.011769768932822444
1760 -0.04354757612827598
1761 0.15093305950523472
1762 0.04810252022491568
1763 -0.04537211994318113
1764 -0.09907515662558808
1765 0.05821298864628943
1766 0.011717950485092388
1767 -0.002841543708086647
1768 -0.009800020626244077
1769 0.04299554995697008
1770 0.08848947501377324
1771 0.18157861324971236
1772 0.05799460331030559
1773 0.010957795566866935
1774 0.08662651013389677
1775 0.08073068581910547
1776 0.03960362315541488
1777 0.1322627000159855
1778 -0.15742818378032553
1779 -0.030988444783474733
1780 0.06651244335193951
1781 0.1400744244388079
1782 0.09180768541853013
1783 -0.24339401842098596
1784 -0.2756706491470595
1785 -0.13970112697370496
1786 0.13767808830255035
1787 0.13049666627131273
1788 0.15048146570256904
1789 0.06623996596243842
1790 0.0036010168599318604
1791 0.04272465372497436
1792 0.026212260630984474
1793 0.08631418180914352
1794 0.15372522062284588
1795 0.053964488879330474
1796 -0.1210578304562091
1797 -0.23512559530990984
1798 -0.14734236772147824
1799 -0.013098744770786652
1800 0.004883385684195218
1801 -0.14161535728248964
1802 -0.05789465336010835
1803 -0.01242425386345758
1804 0.19685305924332397
1805 0.03120556329588453
1806 -0.16687449603796267
1807 0.08376371697789864
1808 -0.038166633380456005
1809 -0.43571543323861306
1810 -0.5123283147723328
1811 -0.2927768348110362
1812 -0.11764635398583323
1813 0.03921248458112814
1814 0.05491234922038757
1815 -0.22943747592739783
1816 -0.6311075136648014
1817 -0.6005250229951571
1818 -0.49711960982699566
1819 -0.22961027595397354
1820 -0.08313703292134278
1821 0.012190966132038739
1822 0.02493304614557701
1823 -0.1780303327020647
1824 -0.17522100027025544
1825 -0.008350967285991828
1826 0.054383896641979845
1827 0.06120271323806037
1828 0.023061065121169122
1829 -0.04178433220704392
1830 -0.10640519877790666
1831 -0.44215756200691203
1832 -0.4871342248359838
1833 -0.25015137746828486
1834 -0.17510395716334415
1835 -0.39511674670143293
1836 -0.2892570105782397
1837 -0.08041759098131251
1838 -0.016513217756482845
1839 0.03877819442675445
1840 -0.11289634984535724
1841 0.0037084156388687006
1842 -0.03403012687147111
1843 0.013891929429917127
1844 0.03255838055088134
1845 0.16313854010098794
1846 0.09662781076684723
1847 -0.1584269137491674
1848 0.009279139219984245
1849 0.010952633351280383
1850 0.08218055417648884
1851 0.10771256834038923
1852 -0.05680874229068422
1853 -0.08999145972484257
1854 0.028275235793273623
1855 0.11548082865027709
1856 0.10362121262210167
1857 0.07397145421026607
1858 0.2443305529853319
1859 0.09199988975541373
1860 -0.003516104014067878
1861 -0.013865814231849072
1862 0.0801097024383921
1863 -0.1296426341113488
1864 0.06828723172867512
1865 0.052783135607626264
1866 -0.11890353289885525
1867 -0.09334124209016181
1868 0.09293990142026587
1869 0.09412711300706178
1870 -0.06646289367569125
1871 -0.09231035498612528
1872 -0.1034122445400385
1873 -0.04057354250562639
1874 -0.03752739111064329
1875 -0.11015986340919426
1876 -0.03634155446576415
1877 0.13888539586361048
1878 0.0715480428148112
1879 -0.01625643011215061
1880 -0.17133904101041253
1881 0.015958933001741116
1882 -0.027069915932884214
1883 -0.1641713787369099
1884 -0.3872293700039222
1885 -0.10641994243275121
1886 -0.027022915430222838
1887 0.1303180968683364
1888 0.10952620452871997
1889 0.03179400355594453
1890 0.11865630285967654
1891 0.0990494037149574
1892 0.13360944826638388
1893 -0.01336841154540025
1894 0.034419836140045845
1895 0.06271977466320777
1896 -0.08423147799078379
1897 -0.06156666585121684
1898 -0.02171718469071493
1899 -0.06904736252221255
1900 -0.04000735269789857
1901 -0.10978966890661468
1902 -0.05987267149907893
1903 -0.0695479763639355
1904 -0.10053948785730427
1905 0.07427295623716645
1906 0.09947520669766163
1907 -0.032614447415596715
1908 -0.0305742462650187
1909 0.056642518363673844
1910 0.006976085017299738
1911 0.03638583354768343
1912 -0.10683326673552074
1913 -0.12460246665858676
1914 -0.07219168837326606
1915 -0.05790266262931709
1916 -0.017543259881392714
1917 0.07693067697306333
1918 0.20777445042739373
1919 0.25758273591446823
1920 0.23593582312076933
1921 0.3181982525022704
1922 0.17369743387968128
1923 0.21104599513205358
1924 0.23246905137335716
1925 0.0217132521100325
1926 -0.03691656926974929
1927 0.020149032135350353
1928 0.13827405399723602
1929 0.0735989034099589
1930 0.008105721095603258
1931 -0.023679549296048208
1932 0.07327862830146614
1933 0.18872849037927608
1934 0.05937632993504849
1935 0.0802008535317782
1936 0.20250559449510774
1937 0.17148714973160395
1938 0.05296573777582125
1939 0.08108636524997337
1940 0.09352103262659739
1941 -0.02662823708681117
1942 0.04828343435639226
1943 0.16804738868302138
1944 0.2904020099257423
1945 0.18055659067374563
1946 0.19317396362771433
1947 0.13143493392055916
1948 0.0673875257912755
1949 -0.004390325414192375
1950 0.24449959669408372
1951 0.14280730806086694
1952 0.09222456759295028
1953 0.14571841599848767
1954 0.1847239613638294
1955 0.05234868278603244
1956 0.08456748375743928
1957 0.08055504167560912
1958 0.07922421411564073
1959 0.10611270198592138
1960 0.058860942699311636
1961 -0.07353995120155332
1962 -0.014094882595998115
1963 -0.07084962373539838
1964 -0.18626231386559766
1965 0.03907862775702142
1966 0.20651175076380923
1967 0.16661848367783705
1968 0.1338840581632894
1969 0.1588777142163167
1970 0.1871506001313037
1971 -0.013249495093987207
1972 -0.06467206673136161
1973 0.02837682605934333
1974 -0.06881116326655956
1975 -0.1489665375390814
1976 -0.1454908334085303
1977 -0.025092066356592113
1978 0.11016942148313547
1979 0.1482336261385626
1980 0.05124443998300876
1981 0.0906049359878125
1982 0.18762689489955164
1983 0.3099005764806293
1984 0.3098968443687795
1985 0.3117480540926181
1986 0.28497676760815693
1987 0.3065927593792708
1988 0.3729258535793747
1989 0.256069918550736
1990 0.4603285813523712
1991 0.4164597073562959
1992 0.1541874006354078
1993 0.12753814703165745
1994 0.5411701410405954
1995 0.5422693969388774
1996 0.31531963530693474
1997 0.40677492729969345
1998 0.45504301811320147
1999 0.5354084537590325
2000 0.4475349983920296
2001 0.7768519658241644
2002 0.7914585217872059
2003 0.719818705308569
2004 0.7814417960610172
2005 0.7355675516897691
2006 0.8136964709047447
2007 0.7610201200624829
2008 0.826643393696429
2009 0.7262762377513354
2010 0.6566693569502604
2011 0.7380167404390363
2012 0.7975025857143692
2013 0.8445653388847063
