850 0.33196935955402296
851 0.36400118822427885
852 0.28057348660524895
853 0.39461931486260937
854 0.11382506098777867
855 -0.03515697451524602
856 0.09912251056726973
857 0.10680050824373666
858 0.23871730590906282
859 0.4488984564870293
860 0.2749790657916833
861 -0.02480587485365504
862 -0.04444892273812684
863 0.0703161024512724
864 -0.10175127036768572
865 -0.07788192579545239
866 0.13839938745474
867 0.2484349141221287
868 0.23658706514834194
869 0.18706105333183132
870 0.12115091545825862
871 0.16061637132764872
872 0.14064212178794833
873 0.17013980141939555
874 0.12223701037117962
875 -0.024468965505889173
876 -0.008014098379021561
877 0.11752313879361509
878 0.0854292305891704
879 0.14655051025124521
880 0.042765200417306914
881 -0.00809222873778026
882 0.10267513119367777
883 0.12276114372548363
884 0.3196422071383722
885 0.2830915211534375
886 0.161026497729722
887 0.1730024233469294
888 0.2958344359615239
889 0.33379105527046704
890 0.3407112507989609
891 0.23027329740443747
892 0.05690924055977575
893 0.17761207118553557
894 0.3426440428455635
895 0.39450856932313627
896 0.029055316783114904
897 -0.037705947761423886
898 0.03337561100460107
899 0.14868198967201351
900 0.09018453943014038
901 -0.09010701394993248
902 0.07343489013334192
903 0.3800498590759389
904 0.1222982686883256
905 -0.05006262015893981
906 0.09078553119076105
907 0.000727618821656506
908 0.020023737555163734
909 0.1244003755894596
910 0.007182366657843886
911 0.10225139957458396
912 0.21120870492205768
913 0.12824165242318486
914 0.0372632568145832
915 -0.011097698128480715
916 0.15478006603223093
917 0.2240184708186348
918 0.17483778516276516
919 -0.15069674174446845
920 0.01514773330012531
921 0.03575260254734758
922 0.09122233416150038
923 0.09461166643410479
924 0.06200146776996007
925 0.1567524241229421
926 0.5124703896651113
927 0.35970073454473095
928 0.24870534770104769
929 0.2144486458350343
930 0.22519417691131594
931 0.0773699615428427
932 0.04630488236284691
933 -0.1916401200527389
934 -0.2626267842268817
935 -0.2632831500151269
936 -0.1515220905963588
937 0.10894610355524037
938 0.16019068920996915
939 0.11168863765806236
940 -0.034649374608363814
941 -0.01782456419726941
942 0.03376719342901424
943 0.1943253195505008
944 0.2816729954427615
945 0.060887759093304794
946 -0.06543212754854721
947 -0.012226172276200487
948 0.14947810250549765
949 0.11996246021277557
950 0.09448101351119931
951 0.057460195171131545
952 0.002148303402975671
953 -0.06327789769676428
954 0.03708246065087906
955 0.020941603945516363
956 0.06466902501523464
957 0.3521405060295706
958 0.30597169901068355
959 -0.06080506295285204
960 -0.005918095916342736
961 0.04593355919149644
962 0.18591471070044463
963 0.19472441044496236
964 -0.014458686922978359
965 -0.06467924157982452
966 0.07034081742511944
967 0.08881932665468639
968 0.35243626229481606
969 0.2960687366846173
970 -0.08228300679394351
971 -0.16880192173903197
972 -0.1211555742239625
973 -0.023880551261640903
974 -0.015748412644370546
975 0.29849744155518465
976 0.1594782034572404
977 -0.025142001339702347
978 -0.03050424983780431
979 0.08765862273691027
980 0.2257575908483318
981 0.11559157516717278
982 0.04545645487218053
983 -0.07812436802043976
984 -0.024546891080717614
985 0.053708474444476906
986 0.17333449051932348
987 0.1366657746005444
988 -0.06494331722490188
989 0.06665002539955367
990 0.28805420107005375
991 0.12584461649441891
992 -0.0990488830179288
993 -0.09565751535234313
994 0.056822134812478
995 0.11674860800638953
996 0.2900851347111484
997 0.38233041932727474
998 0.17809501049254095
999 0.12000806103077366
1000 0.016776782628141973
1001 -0.0819651907237926
1002 -0.009764222220155716
1003 0.2442593896288372
1004 0.07028848938978172
1005 0.10111784837636151
1006 0.21673210541013077
1007 0.3744243013371147
1008 0.33695736028056444
1009 -0.015411340033210763
1010 -0.06448558271790716
1011 0.05769986279568684
1012 0.2076698107584889
1013 0.06414627396327433
1014 -0.00046936078064163667
1015 0.14071709280273126
1016 0.24132026498523373
1017 0.14121678967643447
1018 0.05795360740717115
1019 0.1412095663052355
1020 0.11926310741722546
1021 -0.011027512051839494
1022 0.14553538744894468
1023 0.1734813416416614
1024 0.10507403839358176
1025 -0.012634044901744801
1026 0.041848201010168395
1027 0.07933640433907385
1028 0.06388624610019633
1029 0.22985586518933587
1030 0.20323206623390888
1031 0.18419915629851857
1032 0.18783549169330627
1033 0.08971460344776006
1034 0.030830250486530986
1035 -0.0712701229778645
1036 -0.03656919278915893
1037 0.16639383594969104
1038 0.29573894651565524
1039 0.08694760194754281
1040 -0.10427612498091321
1041 -0.15686147200432288
1042 0.03635837758542948
1043 0.3191445748055344
1044 0.30083324916216725
1045 -0.011453739744752056
1046 -0.11620229049407271
1047 -0.04585929468476024
1048 0.2617003244501461
1049 0.2674200723333229
1050 -0.02060279308813051
1051 -0.017781256321427463
1052 0.0889851793445473
1053 0.11243669428000658
1054 -0.07134312887052374
1055 -0.006076129849247991
1056 0.013999860518481455
1057 0.20697131946946
1058 0.33649381977193116
1059 0.19652952086289588
1060 0.14986692524234968
1061 0.2946839030103092
1062 0.3072114952743732
1063 0.015862069798458833
1064 -0.14367945807356364
1065 -0.004264573107320757
1066 0.22304548612095232
1067 0.28629854055634496
1068 0.2319428333702831
1069 0.12130355247938951
1070 0.027753127408800538
1071 0.1043445856478229
1072 0.01743395728806263
1073 0.017065495070824
1074 0.002327490173058777
1075 0.04744699494250426
1076 0.12143705855987719
1077 0.2774688718343441
1078 0.13718977701978474
1079 0.11436568848728257
1080 0.2754121656877828
1081 0.03265816025299273
1082 -0.022191056768008366
1083 0.1774538938987007
1084 0.24824775621124218
1085 0.16921088813717233
1086 0.1214977116449063
1087 0.14419044030665873
1088 0.06568572095920899
1089 0.18141624441921067
1090 0.21801818548448182
1091 0.4369370929781553
1092 0.4878744811393858
1093 0.2239785207933096
1094 0.13600614327339144
1095 0.3951828837759308
1096 0.3236673184233041
1097 -0.0403543656623242
1098 -0.13207419380483998
1099 -0.08162280023299218
1100 0.06342129614284886
1101 0.32614955297651704
1102 0.27607299525965345
1103 0.28023093135220734
1104 0.22272741342055724
1105 0.16494382731093538
1106 0.3227083868406453
1107 0.2622274463587928
1108 0.12484186260320485
1109 -0.03338876682710179
1110 0.10147984377056218
1111 0.31524589773431444
1112 0.24123668522906883
1113 0.06433737753604873
1114 -0.008564630592729827
1115 0.0697543394743434
1116 0.17273768177392412
1117 0.18538194710856715
1118 0.02843565267522763
1119 0.056748368669502725
1120 0.2522921870497612
1121 0.1723235367755933
1122 0.17506708154758144
1123 0.0775573927547839
1124 0.05572784504283845
1125 0.1983596724007839
1126 0.46509096979758624
1127 0.2740136797072523
1128 0.0724051613705683
1129 0.01237522270196223
1130 0.1241161229717136
1131 0.3236851826559928
1132 0.38734762369068676
1133 0.2857267637112386
1134 0.1599509332373259
1135 0.06847844737990272
1136 0.07645318476528473
1137 0.18417944502027694
1138 0.1358331479032131
1139 0.271247386348648
1140 0.21111472243950402
1141 0.15451597358190838
1142 0.27577187101991285
1143 0.3033732438272523
1144 0.15718329597075353
1145 0.10217008698759855
1146 0.3554126886548943
1147 0.25241702966258117
1148 0.10634435382439733
1149 0.09818666246940211
1150 0.20345116009809772
1151 0.21304030599122825
1152 0.32551209013348625
1153 0.4773158426700661
1154 0.5026093816143202
1155 0.020751958796722647
1156 0.0881307137470344
1157 0.3512830478622959
1158 0.3674787937288784
1159 0.027730634635190654
1160 0.052870652898036496
1161 0.248277317934253
1162 0.25833893993780066
1163 0.1481144587390304
1164 0.002445588161606338
1165 0.04372885061724219
1166 0.1623092950395062
1167 0.13363113422894912
1168 0.05886488148598801
1169 0.1785384345603802
1170 0.26834385086971224
1171 0.1425041016485693
1172 0.16568868750033516
1173 0.25314288375176375
1174 0.30516291198171075
1175 0.46772685294109806
1176 -0.05375201660370976
1177 -0.35510468242097204
1178 -0.1334806903036565
1179 0.04706318038125801
1180 0.13253443726392788
1181 0.2124387907668961
1182 0.10054879043457277
1183 -0.07786848863696605
1184 -0.05013428384603458
1185 -0.14302615420888287
1186 -0.1472970423926654
1187 0.08003913933066542
1188 0.22322636670730844
1189 0.10662929531355303
1190 0.025658660889064322
1191 0.10355052716505497
1192 0.1729360178578645
1193 0.198012922603084
1194 0.2572479171015516
1195 0.26889421033763483
1196 0.09722215545895097
1197 0.0699939519974464
1198 0.08539053860999957
1199 0.18907829701072387
1200 0.20245854472284464
1201 -0.013546759879034198
1202 -0.088490129688239
1203 0.10830509837273894
1204 -0.04538465811100423
1205 -0.1210828856281978
1206 0.010741943341429305
1207 0.16973439749614272
1208 0.2772172943061264
1209 0.12749866194803872
1210 0.2650599044785622
1211 0.3258990875437462
1212 0.124018494989798
1213 -0.2312282934456107
1214 -0.03477685770815242
1215 0.1345297972779349
1216 -0.06895000479465807
1217 -0.15062668878414343
1218 -0.12367600342031437
1219 0.05553706495948063
1220 0.15907598310059257
1221 0.03789409318392245
1222 -0.0026781102956192626
1223 0.1066711118907051
1224 0.2601789950034572
1225 0.3499749224341713
1226 0.03163872936340795
1227 -0.028654524888793276
1228 -0.07365406866858848
1229 0.2951430497912497
1230 0.36985751594318117
1231 0.11679040279307173
1232 -0.09697354397923164
1233 -0.23616687782657664
1234 -0.04498164637249147
1235 0.15991139799984921
1236 0.2308093671703091
1237 0.17928570679725908
1238 0.0969053198738834
1239 0.005362147815390017
1240 -0.005647150747904561
1241 -0.030530989562009836
1242 0.24210224683707793
1243 0.3448471720469115
1244 0.039456573351628776
1245 0.07983587070015119
1246 0.3031301810818263
1247 0.19532875224700774
1248 -0.021837707842223608
1249 0.0076895864881976195
1250 0.13787579369272862
1251 0.19037246879088343
1252 0.11892747829904238
1253 0.09541025359953892
1254 0.2524855483519559
1255 0.30722319600062065
1256 0.276848096578874
1257 0.17785138816350354
1258 -0.9132155922331435
1259 -1.1335081737863106
1260 -0.30715385465862255
1261 -0.2696086924061092
1262 -0.37092422939133485
1263 -0.31353543940088
1264 -0.1878656158627905
1265 -0.1416615595636017
1266 -0.1475997803409541
1267 -0.06634577463665892
1268 0.01572083851141315
1269 0.2193490261775537
1270 0.26855122336417026
1271 0.06044319206040427
1272 0.1084096906985792
1273 0.25839669769260354
1274 0.3720222142711691
1275 -0.08527699042065251
1276 -0.3258296502032181
1277 -0.20006383859379184
1278 -0.028013704225259062
1279 -0.020340985298503256
1280 -0.006721678980738943
1281 0.04614516005574387
1282 0.1320544299832136
1283 0.005367144003912472
1284 -0.5274947484585368
1285 -0.5401933226883671
1286 -0.1829846448743524
1287 0.07327773777552693
1288 0.058443999839767
1289 -0.19966695950392932
1290 -0.22269804740585641
1291 -0.0551286409602767
1292 0.17263679091104223
1293 0.21792258423585054
1294 0.17119335315391027
1295 0.04114455862952582
1296 -0.023175080330020137
1297 -0.07510842491672065
1298 0.14784040784343233
1299 0.2806076768184198
1300 -0.005845006484264559
1301 -0.042433109108003464
1302 0.09397459709515488
1303 0.13689100769136076
1304 -0.07448359955344586
1305 -0.11784662707640337
1306 0.015246157009414674
1307 0.24614953441738407
1308 0.27264053517228604
1309 0.05275756607113635
1310 0.03849002702452253
1311 0.04972277166825734
1312 0.052036387993382505
1313 0.1271920856937072
1314 0.29101509639161804
1315 0.4070319813641845
1316 0.14135103725976705
1317 0.016284234198906233
1318 0.055734056531719034
1319 0.08712434901906363
1320 0.020540014853224875
1321 0.12574612601343915
1322 0.2787280423564198
1323 0.31867448720930724
1324 -0.0037790258513155095
1325 0.025499660490083897
1326 -0.01873766235792118
1327 0.2237319039766703
1328 0.10452216821011007
1329 -0.05445653811932516
1330 0.024468637353209033
1331 0.10747207555709792
1332 0.07512421678183046
1333 -0.008280459018862985
1334 0.06430617335598754
1335 0.06440828063267645
1336 0.09517435411999031
1337 0.12109986283309127
1338 -0.08517772103112975
1339 -0.02168741562343257
1340 0.029929052737031725
1341 -0.22366700836806785
1342 -0.25450986746415083
1343 0.044687017359933634
1344 0.06421562017493443
1345 0.14193743413602533
1346 0.1935483291052833
1347 0.168758856319414
1348 -0.14305296468944562
1349 -0.18704519033366296
1350 -0.032919696678959554
1351 0.07817616444515352
1352 0.23185997877197906
1353 0.08571797069555487
1354 0.1501574143602511
1355 0.1349422344311506
1356 0.05337014470910617
1357 -0.02512543112629828
1358 0.008709558675604967
1359 0.13970790284872692
1360 0.3365260059384809
1361 0.21959416946111787
1362 -0.023947361624493624
1363 -0.019542101022580027
1364 -0.0655008937249022
1365 -0.047304819656119435
1366 -0.04135364140176989
1367 0.030315492030808855
1368 0.10329477788673103
1369 0.10581378845569134
1370 -0.08825957942468676
1371 -0.06279826157646085
1372 -0.013367263391103279
1373 0.04589989364444591
1374 0.06755492914101069
1375 -0.05092076970288417
1376 -0.143019947137077
1377 -0.06680634716116174
1378 -0.1358577972600301
1379 0.0651917099299908
1380 0.11619721898381385
1381 0.23018872068826113
1382 0.08134864165589306
1383 -0.13841325811534944
1384 -0.2693336408892719
1385 -0.2073048705066185
1386 -0.018599559365213736
1387 0.08735156801066069
1388 -0.006954900009304765
1389 -0.0041313812222938395
1390 0.09067008183734515
1391 0.010477408825806833
1392 -0.10137443119998579
1393 0.03722079437699222
1394 0.1876918588389458
1395 0.014356542379118764
1396 0.0567736168003421
1397 0.06601201912292254
1398 -0.12452073752189108
1399 -0.19588943229831557
1400 -0.08410757223344945
1401 0.1685153100407888
1402 0.11721310845888411
1403 -0.056439196222072496
1404 0.020069272279158668
1405 0.018175782953790076
1406 0.0543761037722561
1407 0.12487987830940028
1408 0.1886774303258676
1409 -0.11397556056425628
1410 -0.17098014087173397
1411 0.08054187738599694
1412 0.3739843436675869
1413 0.2440842630288671
1414 -0.1525721930098598
1415 -0.14412640728062343
1416 0.006179696249603239
1417 0.05547495063524366
1418 -0.09254471316813806
1419 -0.1171951672376963
1420 -0.07107822669945563
1421 0.09962651948779921
1422 0.16154804763272068
1423 0.22198796573763957
1424 0.13975573411511277
1425 0.06505070407757785
1426 -0.023905368311773145
1427 0.2672604625773829
1428 0.2871445652348257
1429 0.12332980587092379
1430 0.07629291958522799
1431 0.08637134042157868
1432 0.024835168306481137
1433 0.014872710826296043
1434 0.06385774681825751
1435 0.07862816244289661
1436 0.23931331758251417
1437 0.15719922269903464
1438 -0.026004667092195177
1439 0.11864615816330115
1440 0.23549681228200825
1441 0.08559890169300388
1442 -0.0546211964935992
1443 0.044129444829366093
1444 -0.10343787895402556
1445 -0.033343378729512096
1446 -0.018264753380151433
1447 -0.0164936227721455
1448 -0.0562993032476129
1449 0.13205034745880084
1450 0.016726417433631013
1451 0.02511090311048747
1452 -0.6391411024144418
1453 -0.6622041724689893
1454 -0.2590048757377872
1455 -0.2996670689669827
1456 -0.386428835297977
1457 -0.3195940930009442
1458 -0.3637278042069738
1459 -0.4068799123967892
1460 -0.30466088510229383
1461 -0.11310732295322623
1462 -0.0417034084888428
1463 -0.13486419041350928
1464 -0.22111345546613848
1465 -0.03541917902447267
1466 -0.017098245062811657
1467 0.05506293727978573
1468 0.029371769125987157
1469 0.15698782658375876
1470 0.02568292784985715
1471 -0.22255448630846786
1472 -0.3314390624109933
1473 -0.1848585305185111
1474 0.12343645082296462
1475 0.2605947706926486
1476 -0.06889461319781276
1477 -0.3142667316097345
1478 -0.24836836297669151
1479 -0.20656584217607588
1480 -0.19791265527919677
1481 -0.08487226199912357
1482 -0.07568762959004971
1483 -0.12102066848399318
1484 -0.053205332964012086
1485 0.035591191138280465
1486 -0.0193656626058214
1487 -0.01516852945150049
1488 0.008941767994656402
1489 0.07457324178034241
1490 0.1585870477818503
1491 0.026731798938158136
1492 -0.14396129174338057
1493 -0.21728887782956008
1494 -0.041389373767742654
1495 0.09623261928197735
1496 -0.041860689511111104
1497 -0.21056462119872776
1498 -0.12078878505650437
1499 0.19583898720861725
1500 0.08741094840604546
1501 -0.15064425776887447
1502 -0.1379321207745079
1503 0.08257555549346307
1504 0.3629389059493633
1505 -0.05735346105672079
1506 -0.17245009139156764
1507 -0.029056542070236446
1508 0.006691322103392849
1509 -0.08747701869998536
1510 0.021511999325127817
1511 0.2703229354798964
1512 0.1434662918998697
1513 -0.17281756566580952
1514 -0.06684753419710887
1515 0.0019342261861083898
1516 0.08175663138280242
1517 0.06277989611328394
1518 0.07482611415099427
1519 0.04240734983602579
1520 0.14300267672541622
1521 0.16954948236241307
1522 0.08080123672806394
1523 -0.022474569168196012
1524 -0.041625492867240155
1525 0.1477950788508906
1526 0.28106285262384745
1527 0.20093621654478966
1528 0.07153432069139853
1529 -0.09037497757424262
1530 -0.0365602112186707
1531 0.026767102759265526
1532 -0.026025993366658895
1533 -0.04360993246001499
1534 0.05136777266164927
1535 -0.06402789696619493
1536 -0.2035577064499421
1537 -0.1384680145977768
1538 -0.036586703118189234
1539 0.10708694166589794
1540 0.17068425269377485
1541 0.08036429313585813
1542 0.04877646482674436
1543 0.04418687865768334
1544 -0.002689200095801425
1545 -0.09314881476473147
1546 0.043098294567471385
1547 0.13284402481923507
1548 0.15168171730886115
1549 0.27461356691634364
1550 0.34433918842501043
1551 -0.008684289900088515
1552 -0.07146981495463933
1553 0.022239727422288524
1554 -0.008689602454353462
1555 -0.011030395620025502
1556 0.28703115252778844
1557 0.3152034212315016
1558 0.2793171273207804
1559 0.27986060616575514
1560 0.08358938166628604
1561 -0.05879879428437107
1562 -0.08660378668986368
1563 -0.06613577187562214
1564 0.08580641236324027
1565 0.3248285993378772
1566 0.27025677205347165
1567 0.04697237063044213
1568 0.04898444437009175
1569 0.1946085035506826
1570 0.1675161389187565
1571 0.18657588057885732
1572 0.1065103571512509
1573 0.037768058750202727
1574 -0.00468155401608783
1575 -0.0253230432174405
1576 0.03339773227077103
1577 0.021771098184387938
1578 0.11447309419537532
1579 0.10269328241548692
1580 0.0775375451456739
1581 0.15324058059400159
1582 0.11410821170670715
1583 0.114613763968066
1584 0.059973330632942634
1585 0.25191696295684096
1586 0.15155311885644096
1587 0.12041051695052829
1588 0.06868470884245426
1589 0.08773221512939244
1590 0.031280058733045735
1591 -0.034626460049935304
1592 0.10066332805155298
1593 0.09719318364460605
1594 0.02916385465351823
1595 -0.09500128631850657
1596 0.13172518130181743
1597 0.12078873940896528
1598 -0.0022629951891417477
1599 0.005470933027368119
1600 -0.18585081712268448
1601 -0.152209690881989
1602 -0.22877213006256625
1603 -0.2743120810517894
1604 -0.28186387523010126
1605 -0.34430537830553476
1606 -0.19543681714247896
1607 -0.002596842990442383
1608 0.19645270131758252
1609 0.11847273813123138
1610 -0.09452479975396955
1611 -0.15937278312247827
1612 -0.07259177580471032
1613 -0.07360006333891533
1614 -0.17376502473621258
1615 -0.16065988905756967
1616 -0.11231108185569383
1617 0.102905640994436
1618 0.13380652117473346
1619 -0.2702809248840481
1620 -0.35240348251284104
1621 -0.18762489172905816
1622 -0.030512731707574403
1623 0.10059623274639762
1624 0.3232118470018577
1625 0.09007526528228027
1626 -0.2376242113800231
1627 -0.19168933435082636
1628 -0.08111433116863509
1629 0.13860328938625344
1630 -0.07047285801706948
1631 -0.16961561848512474
1632 -0.13767438509859176
1633 -0.01946177754251721
1634 0.1313578768510979
1635 0.251226710295839
1636 0.11356789309616033
1637 0.018517165362823107
1638 -0.07634570776423288
1639 -0.07165102376393406
1640 -0.02584864130568576
1641 -0.3749821717751729
1642 -0.29032572982112015
1643 -0.13577501132493808
1644 -0.08107171801464119
1645 -0.06237117616689147
1646 0.16704643454795587
1647 0.05599593823075111
1648 -0.09163196869207013
1649 -0.18684381838153286
1650 -0.24466710970034455
1651 -0.050679566799601616
1652 -0.00748373641465605
1653 0.08146317636294498
1654 -0.00013665174526522605
1655 -0.07296138487743065
1656 -0.15103043916190018
1657 -0.002660372571085645
1658 0.25380034947380636
1659 0.22109634916245113
1660 0.049780199853785234
1661 -0.03185072627519503
1662 0.06051324288608839
1663 -0.0601481267765962
1664 -0.07332480126132168
1665 0.008363731172323696
1666 0.11618352984959301
1667 0.2224380867662603
1668 0.1549434338728588
1669 -0.01740703572630764
1670 0.021607415494315774
1671 0.036381904775339535
1672 0.008985931089910082
1673 -0.011305797197735501
1674 0.05019946033019096
1675 0.036223791331792654
1676 0.07716122892998101
1677 0.11315049927191012
1678 -0.009135218430913028
1679 -0.07382027458669427
1680 -0.20798955316342926
1681 -0.2894544902502503
1682 -0.15235782110698892
1683 -0.008785314369561092
1684 0.007446922422843727
1685 -0.16163121988017792
1686 -0.033181482836198484
1687 0.13734635215331537
1688 0.0625357638102173
1689 -0.07380678696563336
1690 -0.1841873453001881
1691 -0.13960549271456557
1692 -0.0580223356305396
1693 -0.20220975424359722
1694 -0.211080291489111
1695 -0.11732076288848248
1696 -0.1406316646065875
1697 -0.14280475793782443
1698 -0.05618686846048604
1699 -0.1437019799262771
1700 -0.16982704058909803
1701 -0.2175167925589676
1702 -0.0714838423140236
1703 -0.11329676036740466
1704 -0.003522658425424652
1705 -0.09097751772713991
1706 -0.01762178761720179
1707 0.10450642666552312
1708 0.0067547117484423325
1709 -0.19604368570298902
1710 -0.2365736579639588
1711 -0.18077812187772224
1712 0.0674133588624386
1713 0.12690345978506912
1714 -0.29013470733900704
1715 -0.30699921835076793
1716 -0.24473044769496255
1717 -0.2135381854016032
1718 -0.04243144360680162
1719 -0.2816939327057639
1720 -0.1374785136375749
1721 -0.04331012495146069
1722 -0.22271236852560605
1723 -0.23148500284355578
1724 -0.13303131483820607
1725 0.030600239314708233
1726 -0.01065749015106121
1727 -0.10501882227231363
1728 -0.09605318514712735
1729 0.11403045061740613
1730 0.18332265433616612
1731 -0.05845052728142264
1732 -0.09648045542047612
1733 -0.014796744181467147
1734 0.08019404041527878
1735 -0.011535634931306049
1736 -0.05872111026531002
1737 -0.14234360722571182
1738 -0.07241501847175869
1739 0.10257817044589501
1740 0.17376921312194327
1741 -0.056706907244631566
1742 0.021153851084932285
1743 -0.020393969283134084
1744 -0.057553614305561496
1745 -0.09854350405970536
1746 -0.04428188933894717
1747 -0.10136207537647124
1748 -0.1127692247066534
1749 0.05974989085888183
1750 0.05978803136343913
1751 -0.293066657845543
1752 -0.21652157258665738
1753 -0.2185719262870407
1754 -0.029981838932940263
1755 -0.12314881757481544
1756 -0.26543996321515806
1757 -0.18946420215638682
1758 -0.2596742753673311
1759 -0.18240539836449443
1760 -0.13798160155153028
1761 -0.2228081572835663
1762 -0.7993743207172201
1763 -0.5704421302295373
1764 -0.2696351009800537
1765 -0.3090472225416079
1766 -0.2897953948949521
1767 -0.16042386659989916
1768 -0.0709621178702946
1769 -0.028237980001108554
1770 0.09247041017874835
1771 0.2970744464467998
1772 0.24931022670318725
1773 -0.16615897488151177
1774 -0.29066761677478326
1775 -0.16669597887289456
1776 -0.18221770577127927
1777 -0.12594422550779427
1778 -0.1386645416322949
1779 0.0646864234877853
1780 0.25138446580012896
1781 -0.09043479088398954
1782 -0.10768144289119164
1783 -0.16026578629293908
1784 0.10027997937493183
1785 0.2781971691459262
1786 -0.06800816159739043
1787 -0.2834114090350113
1788 -0.1814398254698517
1789 0.1381332730679219
1790 0.2832577781338159
1791 0.18348596516295856
1792 -0.01478702758123518
1793 -0.10912862421878344
1794 -0.1439452487189783
1795 -0.20356839745733168
1796 -0.28572381740474384
1797 -0.24280441473098335
1798 -0.02290118423201193
1799 -0.09294816598077205
1800 0.12268813208225993
1801 0.16311370255675683
1802 -0.004495989029976499
1803 -0.18914317130639802
1804 -0.12585832437173394
1805 -0.00498035628515936
1806 0.015393345208053688
1807 -0.0310481426748197
1808 -0.033821676438890336
1809 -0.5069217864304392
1810 -0.43694385475845365
1811 -0.23430364984739072
1812 -0.05907561384702831
1813 0.06843489424869631
1814 0.13679653668930314
1815 -0.5619344233166998
1816 -0.6083085934124028
1817 -0.3470195667738949
1818 -0.3419827374522697
1819 -0.21286154396494794
1820 -0.0777185820194859
1821 -0.085768787078905
1822 -0.057024726920872126
1823 -0.008015507717175296
1824 -0.0005757493539135794
1825 -0.11078688390659863
1826 -0.05784395846569623
1827 -0.028279283430435953
1828 -0.046974022544929994
1829 -0.0852278172604315
1830 -0.00045139573836650015
1831 -0.04500751953071358
1832 -0.04077607246159687
1833 0.16219897772100467
1834 0.0801159997704417
1835 -0.5424524438162166
1836 -0.3959114345403236
1837 -0.1121345741852906
1838 -0.021143053747039176
1839 -0.16274054253796066
1840 -0.21455103759188887
1841 -0.12082688154799825
1842 0.014347058845316951
1843 -0.005617080706485922
1844 -0.19314707748065985
1845 -0.20084973957909824
1846 0.17723072816067997
1847 0.2088147103107758
1848 -0.09054852981273598
1849 -0.13127242073051093
1850 -0.11531273170220402
1851 -0.055556010268901446
1852 0.11849039467261946
1853 0.2640540030831744
1854 0.24136226550587025
1855 0.05242639083371614
1856 -0.05908693457035952
1857 -0.021164666853223935
1858 0.23748223386803602
1859 0.1749466306991394
1860 0.016852835654447063
1861 -0.1182797342415256
1862 -0.038459607334800694
1863 0.06352287526709688
1864 0.10151244353130551
1865 -0.10791006278770965
1866 0.05317728280499523
1867 0.08572979008789616
1868 0.016083272252558345
1869 0.06495950920458426
1870 0.057099659765185606
1871 -0.08555029128677916
1872 -0.09988515264649322
1873 0.16127682186908032
1874 0.04679290443732498
1875 0.032650051292534954
1876 -0.1051990323779819
1877 0.028545503312784604
1878 0.05635730231125535
1879 0.13422797794612507
1880 0.18536748303796458
1881 0.06920881693758929
1882 0.026295621811755154
1883 -0.021567969333830206
1884 -0.3084615942504456
1885 -0.29834987816826697
1886 0.009687643615336583
1887 0.025255693926510503
1888 -0.004429843742400408
1889 -0.1006194675212555
1890 -0.13161593516258563
1891 -0.01596266041110539
1892 0.0388242677123003
1893 -0.034591750100673835
1894 -0.1592347260074689
1895 -0.0604735457217771
1896 0.01631052586833448
1897 -0.0692353939896293
1898 -0.10518355680972036
1899 -0.1482099519319604
1900 -0.11415970408683052
1901 0.04191696246448373
1902 0.07898503712550564
1903 0.01988738847063587
1904 0.22109397009296572
1905 0.11552602482271368
1906 -0.13013121533566618
1907 -0.2152648197558733
1908 -0.09091038272384822
1909 -0.16111458425376668
1910 -0.12438449650738903
1911 -0.054192000529269535
1912 0.22384423192863778
1913 0.038933605392571735
1914 -0.1663138621816529
1915 -0.2223270987772139
1916 -0.11525396144253364
1917 -0.04220223798927236
1918 0.09020377298429594
1919 0.1969103290494445
1920 0.26537429614131725
1921 0.10997716511712952
1922 -0.17175524864467206
1923 -0.07251305211866566
1924 0.029173334240738313
1925 0.16010554354289752
1926 0.21917472841965946
1927 0.20155189942295237
1928 0.12166499025369149
1929 0.05779405225547407
1930 -0.041015307503244
1931 -0.03583842519572045
1932 0.17250258689284692
1933 0.35929752170818574
1934 0.2754326536296503
1935 -0.07233327814986978
1936 0.02529209981224767
1937 0.1309344398150074
1938 0.29664058212352984
1939 0.3581974630935747
1940 0.09142329210351363
1941 0.0029509574250710102
1942 0.1889245626465481
1943 0.14820355466002866
1944 0.20333192838131708
1945 0.22876176919379532
1946 0.1986616222065436
1947 0.26885204542332986
1948 0.20179575647432557
1949 0.14887663544976704
1950 0.23229615897577105
1951 0.2247327722849377
1952 0.24012114921447392
1953 0.22825112590857088
1954 0.3052128606454403
1955 0.28719655517915044
1956 0.05103867415402874
1957 -0.06795109339242345
1958 0.0364756478865047
1959 0.19839139245868864
1960 0.2065100537699891
1961 0.3295467730138171
1962 0.4499033606287526
1963 0.0034861390598734943
1964 -0.36780812903174365
1965 -0.2283303714088447
1966 -0.2172513071720914
1967 -0.2580196309631333
1968 -0.026257003677756074
1969 0.090820918965278
1970 0.2917891555902088
1971 0.2290140823972706
1972 0.17060618107416303
1973 0.005539483450206717
1974 0.08172074651355388
1975 0.20961543468314403
1976 0.30686086074859986
1977 0.18402813197099022
1978 0.10899371911415301
1979 0.22087248474610988
1980 0.38413509269230417
1981 0.5075155829234177
1982 0.6684397527473038
1983 0.379378786963116
1984 0.0944391219563272
1985 -0.022176026372733304
1986 0.1143788697457353
1987 0.3027204526256355
1988 0.5112501054441054
1989 0.6605690021751229
1990 0.38076436719313733
1991 0.16495096555382815
1992 0.16560624059343354
1993 0.2399645782348898
1994 0.3495056712451401
1995 0.37861806284223576
1996 0.5981336027839461
1997 0.5608985973401559
1998 0.6265618854487229
1999 0.719691714746034
2000 0.8723680790332651
2001 0.5868466366154621
2002 0.4983098607116858
2003 0.7629721726434582
2004 0.8797525830742075
